3503020098	0	960.00	540.00
3504529212	1	960.00	876.00
3506029319	2	1571.00	37.00
3507529285	3	1448.00	540.00
3509029341	4	838.00	708.00
3510529293	5	1815.00	372.00
3512029119	6	227.00	876.00
3513512110	7	349.00	37.00
3515028810	8	1693.00	540.00
3516529238	9	1571.00	372.00
3518029254	10	1326.00	1043.00
3519512692	11	1204.00	876.00
3521029285	12	838.00	1043.00
3522529333	13	472.00	876.00
3524028704	14	716.00	540.00
3525528724	15	1082.00	37.00
3527028555	16	594.00	372.00
3528528647	17	472.00	540.00
3530028433	18	594.00	1043.00
3531528483	19	105.00	1043.00
3533028315	20	227.00	540.00
3534528293	21	227.00	204.00
3536028345	22	716.00	876.00
3537528227	23	838.00	372.00
3539028417	24	960.00	540.00
3540528229	25	594.00	708.00
3542028292	26	1082.00	708.00
3543528246	27	1448.00	876.00
3545028777	28	1571.00	1043.00
3546529415	29	349.00	1043.00
3548028927	30	1815.00	1043.00
3549515751	31	838.00	37.00
3551022745	32	716.00	204.00
3552523019	33	105.00	708.00
3554022906	34	1204.00	204.00
3555523362	35	1571.00	708.00
3557019057	36	1326.00	708.00
3558518916	37	105.00	37.00
3560018530	38	349.00	708.00
3561518361	39	1815.00	37.00
3563018992	40	1448.00	204.00
3564518998	41	960.00	204.00
3566018999	42	1326.00	372.00
3567518808	43	472.00	204.00
3569018270	44	1326.00	37.00
3570518784	45	1082.00	1043.00
3572019281	46	1693.00	204.00
3573516248	47	594.00	37.00
3575015651	48	349.00	372.00
3576515763	49	1693.00	876.00
3578027252	50	1204.00	540.00
3579527117	51	1815.00	708.00
3581027064	52	1082.00	372.00
3582527095	53	105.00	372.00
3584026340	54	472.00	876.00
3585526472	55	1815.00	372.00
3587027052	56	227.00	204.00
3588527217	57	1448.00	876.00
3590027840	58	960.00	540.00
3591527815	59	105.00	708.00
3593030441	60	1815.00	37.00
3594530933	61	594.00	372.00
3596030597	62	472.00	540.00
3597530504	63	1815.00	1043.00
3599036243	64	1693.00	540.00
3600529702	65	838.00	372.00
3602029800	66	349.00	708.00
3603529122	67	838.00	37.00
3605029129	68	1082.00	708.00
3606522526	69	105.00	1043.00
3608018215	70	1693.00	204.00
3609532029	71	1571.00	1043.00
3611031892	72	1082.00	372.00
3612531936	73	472.00	204.00
3614031367	74	349.00	372.00
3615531330	75	1204.00	204.00
3617031881	76	1815.00	708.00
3618531926	77	594.00	1043.00
3620028812	78	1326.00	708.00
3621529112	79	1448.00	204.00
3623029104	80	227.00	876.00
3624530439	81	349.00	37.00
3626030323	82	716.00	876.00
3627530361	83	1693.00	876.00
3629030907	84	1571.00	37.00
3630530841	85	1326.00	372.00
3632030973	86	1082.00	37.00
3633530932	87	1571.00	708.00
3635030846	88	594.00	37.00
3636530138	89	960.00	876.00
3638013678	90	105.00	37.00
3639530348	91	838.00	1043.00
3641030158	92	227.00	540.00
3642530209	93	960.00	204.00
3644030244	94	838.00	708.00
3645530157	95	1082.00	1043.00
3647030773	96	594.00	708.00
3648530857	97	105.00	372.00
3650030935	98	1204.00	876.00
3651531178	99	1204.00	540.00
3653031133	100	1326.00	37.00
3654531140	101	1326.00	1043.00
3656031161	102	716.00	540.00
3657530460	103	349.00	1043.00
3658990572	104	716.00	204.00
3660533372	105	1448.00	540.00
3662017028	106	1571.00	372.00
3663517320	107	1571.00	37.00
3665017260	108	594.00	1043.00
3666533183	109	1326.00	37.00
3668017167	110	1815.00	1043.00
3669522548	111	594.00	37.00
3671022299	112	1448.00	876.00
3672522944	113	1326.00	372.00
3674022843	114	349.00	708.00
3675522310	115	1815.00	37.00
3677022861	116	227.00	876.00
3678522858	117	349.00	1043.00
3680023588	118	1815.00	708.00
3681518890	119	1815.00	372.00
3683035493	120	349.00	372.00
3684518219	121	1082.00	708.00
3686015979	122	1082.00	372.00
3687527237	123	349.00	37.00
3689027242	124	1204.00	204.00
3690527623	125	594.00	372.00
3692027022	126	227.00	204.00
3693527107	127	472.00	540.00
3695027080	128	838.00	708.00
3696527143	129	594.00	708.00
3698026887	130	1204.00	540.00
3699526912	131	1082.00	37.00
3701027440	132	1693.00	540.00
3702527154	133	1448.00	204.00
3704027124	134	105.00	708.00
3705527728	135	838.00	1043.00
3707020486	136	960.00	876.00
3708520888	137	1571.00	1043.00
3710028591	138	716.00	876.00
3711530116	139	472.00	876.00
3713030249	140	716.00	540.00
3714530278	141	1693.00	204.00
3716032897	142	716.00	204.00
3717532252	143	105.00	37.00
3719032303	144	227.00	540.00
3720532867	145	838.00	372.00
3722016519	146	1571.00	372.00
3723533700	147	960.00	204.00
3725033473	148	1448.00	540.00
3726533532	149	1204.00	876.00
3728033546	150	960.00	540.00
3729533445	151	105.00	372.00
3731033057	152	1571.00	708.00
3732534223	153	1693.00	876.00
3734014663	154	838.00	37.00
3735536885	155	472.00	204.00
3737019684	156	1326.00	1043.00
3738520295	157	105.00	1043.00
3740020754	158	1082.00	1043.00
3741520092	159	1326.00	708.00
3743030155	160	1448.00	540.00
3744529842	161	1571.00	37.00
3746029814	162	838.00	372.00
3747530027	163	105.00	37.00
3749029458	164	1204.00	876.00
3750530241	165	1815.00	1043.00
3752033774	166	1082.00	708.00
3753533305	167	1571.00	708.00
3755033867	168	1815.00	708.00
3756537261	169	472.00	876.00
3758020099	170	1693.00	876.00
3759494111	171	349.00	1043.00
3761005381	172	1082.00	1043.00
3762509514	173	472.00	540.00
3764021063	174	1082.00	37.00
3765475160	175	227.00	540.00
3766992940	176	960.00	876.00
3768459330	177	1693.00	204.00
3770030700	178	105.00	708.00
3771510354	179	594.00	372.00
3773027585	180	1204.00	540.00
3774528087	181	1082.00	372.00
3776027951	182	1815.00	37.00
3777528755	183	960.00	204.00
3779028745	184	716.00	204.00
3780528319	185	594.00	1043.00
3782028114	186	716.00	876.00
3783527997	187	838.00	37.00
3785028052	188	716.00	540.00
3786528092	189	227.00	204.00
3788028139	190	1815.00	372.00
3789528546	191	349.00	708.00
3791027989	192	1571.00	1043.00
3792529261	193	349.00	37.00
3794028269	194	594.00	37.00
3795522656	195	1326.00	372.00
3797023327	196	1571.00	372.00
3798523086	197	960.00	540.00
3800022994	198	1326.00	37.00
3801523116	199	1693.00	540.00
3803023060	200	594.00	708.00
3804522538	201	349.00	372.00
3806022275	202	1326.00	1043.00
3807522974	203	1448.00	204.00
3809022801	204	1326.00	708.00
3810522780	205	1204.00	204.00
3812022863	206	1448.00	876.00
3813522676	207	105.00	372.00
3815022775	208	105.00	1043.00
3816529827	209	838.00	1043.00
3818032131	210	227.00	876.00
3819533446	211	472.00	204.00
3821033481	212	838.00	708.00
