2566087526	0	960.00	540.00
2567587301	1	472.00	204.00
2569087165	2	1815.00	708.00
2570586903	3	1815.00	1043.00
2572086659	4	1326.00	708.00
2573586507	5	838.00	37.00
2575086252	6	105.00	1043.00
2576586078	7	105.00	37.00
2578085881	8	594.00	708.00
2579588995	9	1815.00	372.00
2581088756	10	594.00	1043.00
2582588599	11	105.00	372.00
2584088376	12	1082.00	708.00
2585588212	13	1326.00	372.00
2587087968	14	105.00	708.00
2588587745	15	349.00	37.00
2590090938	16	1448.00	540.00
2591590691	17	838.00	1043.00
2593090467	18	1204.00	204.00
2594590298	19	472.00	876.00
2596090063	20	838.00	372.00
2597589910	21	960.00	540.00
2599089629	22	1571.00	37.00
2600589481	23	1571.00	1043.00
2602092595	24	1326.00	37.00
2603592370	25	1571.00	708.00
2605092206	26	1571.00	372.00
2606591953	27	349.00	708.00
2608091805	28	349.00	372.00
2609594925	29	1082.00	1043.00
2611094689	30	960.00	204.00
2612594454	31	1204.00	876.00
2614094289	32	594.00	372.00
2615594035	33	1693.00	204.00
2617093902	34	349.00	1043.00
2618593650	35	1326.00	1043.00
2620093429	36	1693.00	540.00
2621593257	37	594.00	37.00
2623096365	38	838.00	708.00
2624596114	39	1082.00	37.00
2626095970	40	716.00	204.00
2627595743	41	472.00	540.00
2629095584	42	716.00	876.00
2630595340	43	1693.00	876.00
2632098445	44	227.00	204.00
2633598303	45	227.00	876.00
2635098061	46	960.00	876.00
2636597834	47	1204.00	540.00
2638097672	48	1082.00	372.00
2639597435	49	1448.00	204.00
2641097270	50	227.00	540.00
2642597033	51	1448.00	876.00
2644100145	52	716.00	540.00
2645600003	53	1815.00	37.00
2647099754	54	1448.00	204.00
2648599531	55	838.00	708.00
2650099370	56	105.00	37.00
2651599111	57	472.00	876.00
2653098982	58	472.00	540.00
2654602089	59	960.00	204.00
2656101833	60	349.00	372.00
2657601626	61	1448.00	876.00
2659101449	62	1815.00	372.00
2660601220	63	838.00	1043.00
2662101063	64	960.00	540.00
2663600812	65	1326.00	708.00
2665103936	66	1326.00	372.00
2666603777	67	838.00	37.00
2668103525	68	1082.00	372.00
2669603295	69	227.00	540.00
2671103142	70	1815.00	37.00
2672602889	71	1571.00	372.00
2674102753	72	716.00	540.00
2675602508	73	1082.00	708.00
2677105611	74	1571.00	708.00
2678562145	75	227.00	204.00
2680105231	76	1448.00	540.00
2681605006	77	1571.00	37.00
2683104838	78	1326.00	37.00
2684604581	79	1082.00	37.00
2686104448	80	105.00	372.00
2687607559	81	594.00	372.00
2689107332	82	594.00	1043.00
2690597114	83	349.00	1043.00
2692106926	84	594.00	37.00
2693606694	85	838.00	372.00
2695106538	86	227.00	876.00
2696609647	87	594.00	708.00
2698109430	88	1204.00	876.00
2699609255	89	1204.00	204.00
2701109007	90	349.00	708.00
2702608826	91	1082.00	1043.00
2704108601	92	1204.00	540.00
2705608441	93	716.00	876.00
2707108186	94	960.00	876.00
2708611317	95	1571.00	1043.00
2710111163	96	105.00	708.00
2711610902	97	1693.00	540.00
2713110697	98	105.00	1043.00
2714610529	99	1815.00	708.00
2716110308	100	1693.00	876.00
2717610141	101	1326.00	1043.00
2719113248	102	716.00	204.00
2720612986	103	1693.00	204.00
2722112863	104	349.00	37.00
2723612609	105	1815.00	1043.00
2725112465	106	472.00	204.00
2726612220	107	1448.00	204.00
2728111965	108	838.00	1043.00
2729615092	109	1815.00	1043.00
2731114937	110	716.00	876.00
2732614691	111	594.00	1043.00
2734114549	112	838.00	37.00
2735614299	113	960.00	876.00
2737114167	114	349.00	708.00
2738613914	115	227.00	876.00
2740117022	116	960.00	540.00
2741616805	117	472.00	876.00
2743116633	118	1693.00	204.00
2744616393	119	1815.00	372.00
2746116246	120	716.00	540.00
2747615979	121	105.00	37.00
2749115816	122	349.00	1043.00
2750618927	123	105.00	372.00
2752118701	124	1326.00	1043.00
2753618536	125	838.00	708.00
2755118286	126	838.00	372.00
2756618145	127	1571.00	372.00
2758117898	128	472.00	204.00
2759617647	129	1448.00	876.00
2761117511	130	594.00	708.00
2762620618	131	1204.00	204.00
2764120387	132	1571.00	708.00
2765620220	133	1082.00	708.00
2767119980	134	1815.00	37.00
2768619847	135	472.00	540.00
2770122954	136	1448.00	540.00
2771619345	137	1815.00	708.00
2773122487	138	227.00	204.00
2774622316	139	960.00	204.00
2776122091	140	1204.00	540.00
2777621926	141	1571.00	1043.00
2779121673	142	594.00	37.00
2780621458	143	105.00	708.00
2782121292	144	594.00	372.00
2783624398	145	1571.00	37.00
2785124176	146	1204.00	876.00
2786624013	147	716.00	204.00
2788123763	148	227.00	540.00
2789623621	149	1693.00	876.00
2791126732	150	1082.00	37.00
2792626503	151	105.00	1043.00
2794126337	152	1326.00	372.00
2795626090	153	1082.00	1043.00
2797125866	154	349.00	372.00
2798625704	155	1693.00	540.00
2800125473	156	1082.00	372.00
2801625318	157	1326.00	37.00
2803125066	158	349.00	37.00
2804628177	159	1326.00	708.00
2806128036	160	349.00	372.00
2807627793	161	716.00	540.00
2809127554	162	838.00	1043.00
2810627400	163	594.00	1043.00
2812127177	164	1815.00	1043.00
2813627018	165	1571.00	708.00
2815126763	166	1693.00	876.00
2816629898	167	472.00	540.00
2818129733	168	838.00	372.00
2819629489	169	1326.00	37.00
2821129279	170	1571.00	1043.00
2822629099	171	838.00	708.00
2824128866	172	1815.00	37.00
2825628708	173	960.00	876.00
2827131821	174	960.00	204.00
2828631552	175	960.00	540.00
2830131428	176	1571.00	372.00
2831631179	177	1448.00	876.00
2833134294	178	594.00	37.00
2834634155	179	1326.00	708.00
2836133907	180	1204.00	204.00
2837633682	181	716.00	876.00
2839133515	182	1693.00	204.00
2840633258	183	1082.00	1043.00
2842133125	184	472.00	876.00
2843632881	185	838.00	37.00
2845132654	186	1448.00	204.00
2846635844	187	1082.00	708.00
2848135595	188	1204.00	876.00
2849635352	189	1082.00	372.00
2851135204	190	716.00	204.00
2852634959	191	1326.00	1043.00
2854134809	192	1815.00	708.00
2855634571	193	472.00	204.00
2857134353	194	105.00	1043.00
2858637543	195	594.00	708.00
2860137292	196	1815.00	372.00
2861637078	197	105.00	37.00
2863136906	198	594.00	372.00
2864636678	199	1082.00	37.00
2866136517	200	1571.00	37.00
2867636266	201	227.00	204.00
2869139397	202	1204.00	540.00
2870639234	203	105.00	372.00
2872138990	204	227.00	876.00
2873638765	205	349.00	1043.00
2875138595	206	1326.00	372.00
2876638355	207	349.00	708.00
2878141464	208	1448.00	540.00
2879641318	209	227.00	540.00
2881141064	210	349.00	37.00
2882640935	211	1693.00	540.00
2884140684	212	105.00	708.00
