294852460	0	960.00	540.00
296352304	1	1204.00	540.00
297848685	2	1326.00	708.00
299348535	3	838.00	37.00
300848264	4	1204.00	876.00
302348009	5	1082.00	1043.00
303851199	6	227.00	876.00
305350923	7	105.00	372.00
306850691	8	716.00	204.00
308350507	9	472.00	540.00
309850254	10	1204.00	204.00
311350021	11	1571.00	372.00
312849834	12	1815.00	372.00
314349573	13	1082.00	708.00
315852656	14	105.00	1043.00
317352502	15	1326.00	372.00
318852251	16	1326.00	1043.00
320352006	17	838.00	1043.00
321851818	18	594.00	372.00
323351554	19	1448.00	876.00
324854667	20	1571.00	708.00
326354496	21	349.00	1043.00
327854246	22	1693.00	540.00
329353997	23	349.00	37.00
330853819	24	105.00	708.00
332353562	25	1693.00	876.00
333853327	26	1815.00	1043.00
335356409	27	1082.00	37.00
336856232	28	594.00	1043.00
338355971	29	960.00	540.00
339855821	30	1815.00	708.00
341355556	31	1448.00	204.00
342855294	32	1082.00	372.00
344358421	33	1571.00	1043.00
345858231	34	960.00	876.00
347357960	35	1815.00	37.00
348857731	36	838.00	708.00
350357552	37	1571.00	37.00
351857289	38	594.00	708.00
353357135	39	1693.00	204.00
354856872	40	594.00	37.00
356359969	41	105.00	37.00
357859730	42	1326.00	37.00
359359547	43	960.00	204.00
360859281	44	227.00	204.00
362359132	45	227.00	540.00
363858863	46	716.00	540.00
365358616	47	838.00	372.00
366861707	48	1448.00	540.00
368361542	49	472.00	876.00
369861274	50	472.00	204.00
371361031	51	716.00	876.00
372860862	52	349.00	372.00
374360601	53	349.00	708.00
375860447	54	1693.00	540.00
377363542	55	1448.00	540.00
378863269	56	1326.00	372.00
380363017	57	227.00	204.00
381862866	58	1571.00	37.00
383362590	59	594.00	37.00
384862453	60	716.00	204.00
386365544	61	1693.00	876.00
387865282	62	105.00	37.00
389365037	63	1815.00	708.00
390864862	64	838.00	372.00
392364604	65	105.00	1043.00
393864375	66	594.00	1043.00
395364188	67	960.00	540.00
396863930	68	594.00	708.00
398367031	69	472.00	204.00
399866866	70	594.00	372.00
401366601	71	1082.00	708.00
402866359	72	1815.00	37.00
404366179	73	1571.00	708.00
405869284	74	105.00	708.00
407369018	75	960.00	204.00
408868867	76	838.00	1043.00
410368594	77	1326.00	37.00
411868345	78	1571.00	372.00
413368189	79	960.00	876.00
414867912	80	105.00	372.00
416367687	81	349.00	372.00
417870872	82	1815.00	372.00
419370603	83	1326.00	708.00
420870375	84	349.00	1043.00
422370179	85	1082.00	372.00
423869914	86	1448.00	204.00
425369695	87	1693.00	204.00
426869504	88	1204.00	204.00
428369229	89	227.00	876.00
429872337	90	1815.00	1043.00
431372190	91	838.00	708.00
432871920	92	472.00	540.00
434371770	93	349.00	37.00
435871507	94	1082.00	1043.00
437371245	95	1204.00	876.00
438871094	96	1448.00	876.00
440374185	97	1571.00	1043.00
441873924	98	716.00	876.00
443373765	99	1082.00	37.00
444873517	100	716.00	540.00
446373233	101	349.00	708.00
447873093	102	1204.00	540.00
449376185	103	838.00	37.00
450875927	104	1326.00	1043.00
452375663	105	472.00	876.00
453875504	106	227.00	540.00
455375238	107	594.00	372.00
456875091	108	1693.00	540.00
458374823	109	1326.00	708.00
459874570	110	472.00	876.00
461377678	111	227.00	876.00
462877503	112	594.00	1043.00
464377239	113	594.00	37.00
465877005	114	1326.00	1043.00
467376821	115	1204.00	204.00
468876576	116	1204.00	876.00
470376404	117	1082.00	37.00
471879501	118	472.00	204.00
473379234	119	960.00	876.00
474879005	120	1571.00	37.00
476378826	121	105.00	1043.00
477878586	122	1448.00	876.00
479378404	123	1693.00	204.00
480878151	124	960.00	204.00
482381245	125	105.00	37.00
483881011	126	838.00	1043.00
485380826	127	1815.00	372.00
486880580	128	1448.00	204.00
488380410	129	1815.00	1043.00
489880140	130	838.00	37.00
491379912	131	1448.00	540.00
492883013	132	1571.00	372.00
494382824	133	960.00	540.00
495882556	134	349.00	1043.00
497382400	135	105.00	708.00
498882151	136	1815.00	37.00
500381878	137	1571.00	1043.00
501881722	138	1326.00	372.00
503384816	139	472.00	540.00
504884581	140	1082.00	708.00
506384395	141	1204.00	540.00
507884138	142	1326.00	37.00
509383896	143	227.00	204.00
510883715	144	105.00	372.00
512383469	145	227.00	540.00
513886579	146	716.00	540.00
515386413	147	838.00	372.00
516886145	148	594.00	708.00
518385904	149	349.00	372.00
519885726	150	1082.00	1043.00
521385468	151	716.00	876.00
522888565	152	1082.00	372.00
524388412	153	1815.00	708.00
525888150	154	1571.00	708.00
527387959	155	838.00	708.00
528887685	156	349.00	37.00
530387462	157	1693.00	876.00
531887276	158	716.00	204.00
533390369	159	349.00	708.00
534890119	160	594.00	37.00
536389953	161	716.00	204.00
537889686	162	472.00	540.00
539389539	163	1082.00	372.00
540889281	164	227.00	876.00
542389037	165	105.00	37.00
543888869	166	105.00	1043.00
545391963	167	594.00	372.00
546891696	168	960.00	876.00
548391550	169	960.00	540.00
549891288	170	1815.00	708.00
551391047	171	349.00	708.00
552890867	172	227.00	540.00
554393968	173	960.00	204.00
555893693	174	1815.00	1043.00
557393557	175	1448.00	204.00
558893281	176	1693.00	540.00
560393047	177	472.00	876.00
561892851	178	838.00	1043.00
563392592	179	1571.00	37.00
564892364	180	105.00	372.00
566395533	181	105.00	708.00
567895268	182	1082.00	1043.00
569395010	183	1326.00	37.00
570894854	184	594.00	1043.00
572394605	185	1204.00	876.00
573894333	186	1326.00	372.00
575394165	187	1448.00	540.00
576897268	188	1571.00	372.00
578397032	189	838.00	37.00
579896859	190	1571.00	1043.00
581396597	191	349.00	372.00
582896447	192	1815.00	372.00
584396190	193	1815.00	37.00
585895982	194	1082.00	37.00
587395773	195	1326.00	1043.00
588898866	196	716.00	876.00
590398607	197	716.00	540.00
591898368	198	838.00	708.00
593398181	199	594.00	708.00
594897936	200	838.00	372.00
596397770	201	1082.00	708.00
597900863	202	1204.00	204.00
599400590	203	227.00	204.00
600900444	204	1448.00	876.00
602400179	205	1693.00	204.00
603899933	206	1326.00	708.00
605399757	207	349.00	1043.00
606899504	208	1693.00	876.00
608399269	209	1204.00	540.00
609902450	210	1571.00	708.00
611402191	211	349.00	37.00
612901934	212	472.00	204.00
