1088074082	0	840.00	525.00
1089576561	1	1069.46	525.00
1091075404	2	1184.19	682.68
1092576546	3	725.27	51.96
1094079049	4	1069.46	840.36
1095579220	5	954.73	998.04
1097081779	6	151.62	840.36
1098581781	7	36.89	367.32
1100081706	8	610.54	209.64
1101584570	9	381.08	525.00
1103085548	10	1069.46	209.64
1104585199	11	1413.65	367.32
1106088598	12	1643.11	367.32
1107590330	13	954.73	682.68
1109089872	14	36.89	998.04
1110593858	15	1184.19	367.32
1112091527	16	1184.19	998.04
1113592332	17	725.27	998.04
1115093550	18	495.81	367.32
1116594562	19	1298.92	840.36
1118095625	20	1413.65	682.68
1119596094	21	266.35	998.04
1121098058	22	1528.38	525.00
1122599341	23	266.35	51.96
1124099552	24	36.89	682.68
1125601242	25	1528.38	840.36
1127101938	26	1643.11	998.04
1128604670	27	954.73	51.96
1130104868	28	495.81	998.04
1131605507	29	840.00	525.00
1133107492	30	1643.11	682.68
1134607976	31	1298.92	209.64
1136108838	32	954.73	367.32
1137610009	33	1413.65	998.04
1139111080	34	840.00	840.36
1140613304	35	1643.11	51.96
1142114545	36	725.27	682.68
1143617296	37	1413.65	51.96
1145116913	38	495.81	682.68
1146616771	39	1528.38	209.64
1148117992	40	495.81	51.96
1149619930	41	36.89	51.96
1151119324	42	1184.19	51.96
1152623045	43	840.00	209.64
1154121959	44	151.62	209.64
1155622841	45	151.62	525.00
1157126763	46	610.54	525.00
1158627169	47	725.27	367.32
1160128019	48	1298.92	525.00
1161631428	49	381.08	840.36
1163129847	50	381.08	209.64
1164629529	51	610.54	840.36
1166130926	52	266.35	367.32
1167633487	53	266.35	682.68
1169133875	54	1528.38	525.00
1170636089	55	1298.92	525.00
1172135030	56	1184.19	367.32
1173636016	57	151.62	209.64
1175137178	58	1413.65	51.96
1176639912	59	495.81	51.96
1178140960	60	610.54	209.64
1179640972	61	1528.38	840.36
1181143000	62	36.89	51.96
1182644662	63	1643.11	682.68
1184144550	64	725.27	367.32
1185645920	65	36.89	998.04
1187145536	66	495.81	998.04
1188647281	67	840.00	525.00
1190147692	68	495.81	682.68
1191650442	69	381.08	209.64
1193151071	70	495.81	367.32
1194652553	71	954.73	682.68
1196152567	72	1643.11	51.96
1197653996	73	1413.65	682.68
1199156045	74	36.89	682.68
1200657079	75	840.00	209.64
1202157975	76	725.27	998.04
1203658217	77	1184.19	51.96
1205159224	78	1413.65	367.32
1206662813	79	840.00	840.36
1208162056	80	36.89	367.32
1209663542	81	266.35	367.32
1211163490	82	1643.11	367.32
1212665292	83	1184.19	682.68
1214165493	84	266.35	998.04
1215667754	85	954.73	367.32
1217167657	86	1298.92	209.64
1218670145	87	1528.38	209.64
1220172427	88	1069.46	209.64
1221673176	89	151.62	840.36
1223175179	90	1643.11	998.04
1224673696	91	725.27	682.68
1226174987	92	381.08	525.00
1227677584	93	266.35	51.96
1229176841	94	954.73	998.04
1230679027	95	1069.46	840.36
1232178455	96	1298.92	840.36
1233680514	97	1413.65	998.04
1235182331	98	610.54	840.36
1236681990	99	954.73	51.96
1238186050	100	610.54	525.00
1239685447	101	266.35	682.68
1241185291	102	1069.46	525.00
1242688605	103	725.27	51.96
1244187891	104	1184.19	998.04
1245692161	105	381.08	840.36
1247190631	106	151.62	525.00
1248694651	107	495.81	367.32
1250192343	108	1528.38	525.00
1251693964	109	1184.19	682.68
1253197137	110	381.08	840.36
1254694974	111	151.62	840.36
1256196842	112	495.81	998.04
1257700272	113	495.81	51.96
1259198430	114	1184.19	998.04
1260699764	115	1069.46	209.64
1262201246	116	1069.46	840.36
1263703042	117	954.73	51.96
1265203430	118	381.08	209.64
1266705081	119	840.00	840.36
1268205127	120	1413.65	51.96
1269706194	121	36.89	998.04
1271208419	122	1298.92	840.36
1272708303	123	1528.38	209.64
1274212056	124	840.00	209.64
1275711418	125	36.89	51.96
1277211425	126	725.27	998.04
1278713045	127	1643.11	367.32
1280213679	128	1298.92	209.64
1281714837	129	1643.11	998.04
1283219912	130	725.27	51.96
1284718289	131	1298.92	525.00
1286219113	132	1413.65	367.32
1287719928	133	840.00	525.00
1289220939	134	266.35	998.04
1290721329	135	36.89	682.68
1292222717	136	1643.11	51.96
1293725280	137	1413.65	998.04
1295225849	138	1184.19	367.32
1296728135	139	381.08	525.00
1298228156	140	954.73	682.68
1299728007	141	1069.46	525.00
1301231806	142	1184.19	51.96
1302731490	143	151.62	209.64
1304234892	144	36.89	367.32
1305732313	145	151.62	525.00
1307234859	146	610.54	525.00
1308735247	147	725.27	367.32
1310235681	148	495.81	682.68
1311739075	149	266.35	367.32
1313239307	150	954.73	998.04
1314740148	151	610.54	840.36
1316241167	152	954.73	367.32
1317741705	153	1643.11	682.68
1319242350	154	1413.65	682.68
1320744616	155	725.27	682.68
1322245714	156	266.35	51.96
1323748139	157	1528.38	840.36
1325247196	158	610.54	209.64
1326748398	159	266.35	682.68
1328251632	160	495.81	51.96
1329750669	161	610.54	209.64
1331250985	162	381.08	525.00
1332752700	163	954.73	367.32
1334254361	164	151.62	840.36
1335758269	165	36.89	51.96
1337256309	166	36.89	998.04
1338759845	167	495.81	367.32
1340258299	168	840.00	840.36
1341759258	169	840.00	525.00
1343259752	170	1643.11	682.68
1344763744	171	266.35	682.68
1346264539	172	151.62	525.00
1347767439	173	840.00	209.64
1349266458	174	1643.11	998.04
1350769265	175	1298.92	209.64
1352267749	176	1528.38	525.00
1353767488	177	381.08	840.36
1355268622	178	725.27	998.04
1356771218	179	1413.65	51.96
1358271779	180	36.89	367.32
1359772333	181	36.89	682.68
1361275030	182	954.73	998.04
1362774073	183	1184.19	51.96
1364278924	184	495.81	998.04
1365777478	185	1069.46	840.36
1367277573	186	1184.19	367.32
1368779327	187	1298.92	525.00
1370280169	188	1413.65	367.32
1371781391	189	725.27	51.96
1373282361	190	1413.65	998.04
1374783895	191	266.35	367.32
1376285975	192	1643.11	367.32
1377787442	193	1643.11	51.96
1379287082	194	954.73	51.96
1380787951	195	1184.19	998.04
1382291176	196	610.54	840.36
1383791054	197	610.54	525.00
1385290549	198	725.27	682.68
1386795024	199	495.81	682.68
1388293791	200	725.27	367.32
1389793852	201	954.73	682.68
1391296491	202	1069.46	209.64
1392797082	203	151.62	209.64
1394297191	204	1298.92	840.36
1395798881	205	1528.38	209.64
1397301521	206	1184.19	682.68
1398801069	207	266.35	998.04
1400302158	208	1528.38	840.36
1401804902	209	1069.46	525.00
1403304404	210	1413.65	682.68
1404806961	211	266.35	51.96
1406306677	212	381.08	209.64
