Time	L POR X [px]	L POR Y [px]	L Diam [mm]	R POR X [px]	R POR Y [px]	R Diam [mm]
1494352004054638	818.48	614.40	3.94	956.44	706.02	3.90
1494352004071334	835.83	611.74	3.95	973.44	705.98	3.90
1494352004087967	834.57	606.74	3.97	966.64	709.16	3.89
1494352004104626	827.55	606.50	3.94	956.93	704.36	3.88
1494352004121334	834.36	607.14	3.95	972.82	699.35	3.89
1494352004137946	827.07	595.66	3.99	966.63	700.96	3.89
1494352004154614	822.31	600.03	3.92	968.08	704.06	3.88
1494352004171316	820.96	601.73	3.96	957.15	716.27	3.91
1494352004187928	820.75	615.93	3.98	955.33	707.46	3.89
1494352004204596	830.20	597.72	3.99	970.69	706.16	3.91
1494352004221295	830.77	601.43	3.99	975.82	700.81	3.90
1494352004237909	829.59	624.61	3.95	972.04	704.13	3.87
1494352004254576	837.18	611.72	3.95	967.83	704.61	3.89
1494352004271208	822.93	617.89	3.94	958.52	701.63	3.89
1494352004287889	818.88	613.60	3.94	958.96	704.50	3.88
1494352004304557	837.39	613.45	3.95	956.09	705.62	3.91
1494352004321211	836.34	611.65	3.93	967.25	698.54	3.89
1494352004337867	835.35	613.13	3.93	957.78	709.90	3.88
1494352004354537	821.27	615.00	3.93	961.49	715.73	3.88
1494352004371190	828.53	621.05	3.97	966.17	710.94	3.88
1494352004387852	827.57	617.07	3.98	964.64	713.48	3.88
1494352004404518	824.78	614.43	3.95	959.69	707.79	3.88
1494352004421150	824.46	618.43	3.94	964.27	714.80	3.91
1494352004437838	830.21	616.05	3.95	960.96	713.30	3.89
1494352004454499	819.64	619.40	3.96	961.50	711.03	3.89
1494352004471126	827.12	596.85	3.93	953.76	710.36	3.89
1494352004487818	843.70	611.82	3.93	955.99	716.44	3.89
1494352004504472	822.04	616.11	3.95	960.95	709.13	3.88
1494352004521133	821.30	617.24	3.94	961.86	710.77	3.88
1494352004538128	825.07	615.03	3.97	959.42	716.24	3.90
1494352004554761	824.27	596.17	3.94	963.70	708.37	3.89
1494352004571455	827.49	601.45	3.96	966.60	703.06	3.89
1494352004588124	831.51	605.34	3.96	975.58	705.11	3.87
1494352004604789	825.44	605.26	3.96	970.81	706.72	3.87
1494352004621448	823.12	603.12	3.96	972.43	702.37	3.87
1494352004638111	824.88	604.21	3.94	967.19	709.97	3.89
1494352004654783	829.60	606.73	3.95	975.34	709.11	3.88
1494352004671449	832.33	622.30	3.95	973.85	708.91	3.89
1494352004688108	828.46	622.96	3.98	970.44	705.87	3.87
1494352004704773	827.45	606.12	3.96	967.61	707.74	3.88
1494352004721445	830.23	606.40	3.98	973.38	708.28	3.88
1494352004738102	831.27	606.84	3.96	972.84	713.56	3.87
1494352004754768	831.25	605.90	3.97	973.98	704.13	3.85
1494352004771440	833.60	604.54	3.96	975.96	697.40	3.86
1494352004788076	814.23	611.19	3.95	955.70	703.58	3.88
1494352004804770	821.46	614.10	3.94	958.16	701.02	3.88
1494352004821428	827.94	602.87	3.95	972.12	702.00	3.88
1494352004838094	830.40	606.21	3.96	970.93	700.05	3.88
1494352004854765	824.22	610.99	3.93	959.63	710.26	3.91
1494352004871402	820.86	614.01	3.92	957.78	703.22	3.90
1494352004888080	824.66	601.94	3.96	963.12	696.28	3.90
1494352004904754	NaN	NaN	NaN	968.58	697.41	3.89
1494352004921427	822.81	590.30	3.94	962.90	703.95	3.88
1494352004938092	826.43	599.14	3.98	959.18	730.43	3.98
1494352004954752	823.46	599.19	3.96	955.68	735.03	3.99
1494352004971418	826.38	609.79	3.93	954.07	737.80	4.02
1494352004988081	823.28	605.07	3.95	951.69	733.34	3.97
1494352005004752	826.76	603.72	3.97	956.34	745.04	4.01
1494352005021387	834.97	608.64	3.98	963.41	730.11	3.97
1494352005038042	842.35	617.26	3.95	970.22	721.80	3.96
1494352005054711	812.33	612.59	3.96	958.54	723.72	3.96
1494352005071357	837.36	612.12	3.96	970.76	725.51	3.95
1494352005088040	832.56	606.90	3.97	969.79	723.86	3.95
1494352005104708	832.28	605.16	3.95	974.36	711.54	3.91
1494352005121379	834.05	607.94	3.95	974.87	702.10	3.87
1494352005138034	816.01	606.78	4.00	961.95	723.97	3.96
1494352005154703	823.27	617.81	3.93	958.47	714.47	3.95
1494352005171368	819.61	604.26	3.95	958.38	735.18	3.96
1494352005188032	826.79	614.43	3.95	956.69	741.65	3.99
1494352005204703	833.29	611.21	3.96	963.90	722.93	3.93
1494352005221361	832.72	609.84	3.97	973.69	725.78	3.94
1494352005238025	830.63	605.15	3.99	975.09	724.28	3.95
1494352005254684	820.13	608.28	3.95	952.21	722.10	3.93
1494352005271354	827.71	603.76	3.93	955.30	711.05	3.92
1494352005288018	825.57	598.49	3.96	955.01	728.97	3.98
1494352005304690	828.54	603.87	3.95	955.15	727.02	3.96
1494352005321351	827.01	603.46	3.95	954.07	712.75	3.95
1494352005338005	823.66	600.16	3.96	956.72	721.42	3.93
1494352005354682	827.59	602.59	3.95	957.26	718.06	3.95
1494352005371333	827.70	610.97	3.99	955.39	735.03	4.03
1494352005388012	831.49	602.20	3.96	961.83	727.03	3.99
1494352005404669	833.13	604.15	3.99	968.07	714.65	3.96
1494352005421341	826.17	613.32	3.99	972.63	717.27	3.93
1494352005438006	831.92	604.41	4.00	975.45	720.53	3.92
1494352005454676	829.51	603.41	3.90	972.20	712.86	3.94
1494352005471325	832.02	610.79	3.95	971.12	734.43	3.97
1494352005487991	834.85	610.51	3.96	973.59	720.44	3.94
1494352005504669	834.36	606.84	3.95	963.59	731.97	3.97
1494352005521321	836.65	612.67	3.97	977.93	711.80	3.92
1494352005537985	836.89	607.32	3.96	970.11	731.53	3.96
1494352005554696	832.20	616.48	3.96	978.46	700.12	3.88
1494352005571321	833.05	605.41	3.97	977.94	710.94	3.93
1494352005587974	832.62	609.60	3.96	969.83	736.57	3.98
1494352005604648	834.82	608.54	3.96	973.64	707.35	3.88
1494352005621295	828.81	607.25	3.98	974.99	718.22	3.93
1494352005637956	832.93	611.80	3.98	978.37	726.64	3.95
1494352005654624	830.99	613.45	4.01	968.97	711.26	3.91
1494352005671257	825.90	614.99	3.97	968.15	723.09	3.95
1494352005687939	827.72	615.12	3.97	967.40	731.78	4.03
1494352005704615	827.07	613.94	3.97	961.53	737.30	3.97
1494352005721262	831.66	607.55	3.97	975.44	717.86	3.92
1494352005737928	836.97	610.31	3.99	969.40	715.80	3.93
1494352005754607	828.77	614.93	3.96	975.41	716.55	3.93
1494352005771251	824.93	614.33	3.94	965.73	698.29	3.88
1494352005787910	825.69	614.94	3.94	964.49	704.32	3.91
1494352005804619	828.13	617.32	3.96	963.70	702.38	3.93
1494352005821227	826.58	611.89	3.96	968.84	718.42	3.94
1494352005837894	829.97	614.51	3.98	971.09	717.21	3.93
1494352005854593	828.37	610.16	3.98	965.76	749.67	4.04
1494352005871216	823.22	603.00	3.96	969.49	716.37	3.94
1494352005887876	830.99	614.38	3.96	967.44	699.43	3.88
1494352005904582	828.70	616.70	3.96	960.74	727.64	3.99
1494352005921198	833.01	614.02	3.99	966.63	726.74	3.99
1494352005937860	833.25	612.19	3.97	976.38	700.09	3.90
1494352005954566	829.00	612.50	3.96	966.32	719.96	3.94
1494352005971182	831.26	608.01	3.96	968.80	706.09	3.90
1494352005987835	832.30	610.74	3.98	968.32	705.35	3.91
1494352006004496	827.62	612.00	3.97	961.92	734.56	4.00
1494352006021153	831.20	611.16	3.99	966.12	700.53	3.93
1494352006037807	828.60	606.61	3.95	968.25	721.20	3.94
1494352006054815	829.73	611.05	3.98	970.67	711.96	3.95
1494352006071486	830.01	611.33	3.97	971.62	710.31	3.95
1494352006088151	827.16	612.36	3.98	966.96	712.33	3.96
1494352006104824	829.67	610.60	3.99	970.58	719.68	3.93
1494352006121491	827.58	603.99	3.93	971.35	714.36	3.93
1494352006138158	829.42	599.65	3.94	970.91	721.08	3.93
1494352006154798	831.42	611.38	3.98	974.91	711.68	3.94
1494352006171485	830.57	615.72	3.96	965.15	711.71	3.91
1494352006188149	822.63	615.89	3.96	973.01	699.28	3.90
1494352006204809	832.84	603.03	3.98	965.17	715.01	3.98
1494352006221491	825.83	606.21	3.96	975.24	699.77	3.87
1494352006238160	830.83	611.84	3.99	972.40	700.33	3.90
1494352006254821	831.08	609.73	3.97	977.82	707.42	3.89
1494352006271494	828.90	610.07	3.99	961.98	746.14	4.03
1494352006288161	833.42	608.39	3.98	970.95	717.52	3.93
1494352006304821	836.31	612.24	3.98	973.32	723.87	3.97
1494352006321494	828.35	611.16	3.96	971.81	716.22	3.94
1494352006338160	830.87	615.41	3.96	964.50	735.32	3.99
1494352006354821	825.50	607.92	3.97	969.10	714.25	3.94
1494352006371495	830.50	603.69	3.95	958.99	729.59	3.95
1494352006388157	831.17	610.28	3.97	968.91	716.18	3.95
1494352006404827	831.98	610.29	3.96	963.77	721.54	3.97
1494352006421483	832.11	609.19	3.98	971.59	731.00	3.97
1494352006438155	828.00	612.49	3.95	970.88	714.60	3.94
1494352006454815	828.15	612.06	3.97	969.25	720.68	3.94
1494352006471486	831.11	619.01	3.99	969.78	716.03	3.93
1494352006488150	830.72	608.80	3.96	971.24	719.74	3.93
1494352006504822	832.97	616.81	3.96	968.96	718.82	3.94
1494352006521489	834.13	616.12	3.98	965.69	733.54	3.98
1494352006538154	835.53	609.94	3.95	975.95	717.47	3.92
1494352006554800	825.12	613.15	3.95	961.39	714.88	3.93
1494352006571328	824.84	614.80	3.97	960.94	712.57	3.93
1494352006588016	829.39	621.70	3.96	952.86	731.83	3.95
1494352006604680	828.97	618.01	3.95	953.53	713.44	3.94
1494352006621336	827.70	617.78	3.95	954.38	727.83	4.00
1494352006638004	831.74	613.48	3.97	966.23	728.22	3.98
1494352006654659	825.87	615.09	3.97	971.27	726.78	4.00
1494352006671328	825.15	605.42	3.99	962.99	742.78	4.02
1494352006687989	826.86	601.99	3.98	964.80	729.84	3.96
1494352006704646	831.48	602.26	3.98	971.86	719.77	3.93
1494352006721307	824.59	609.03	3.96	974.63	710.06	3.93
1494352006737974	827.48	616.00	3.96	972.81	732.58	3.98
1494352006754609	827.58	602.84	3.97	970.02	721.29	3.98
1494352006771300	830.04	614.65	3.97	965.68	721.68	3.99
1494352006787955	825.30	606.60	3.96	968.63	735.09	4.01
1494352006804617	831.03	609.03	3.96	968.53	714.47	3.94
1494352006821278	834.49	614.28	3.99	965.51	723.59	3.95
1494352006837946	830.20	611.84	3.97	967.20	712.01	3.97
1494352006854610	834.12	609.99	3.98	969.11	722.38	3.93
1494352006871265	832.60	617.39	4.00	974.18	703.78	3.85
1494352006887934	829.03	603.87	3.98	970.09	718.52	3.89
1494352006904590	827.65	607.48	3.96	967.66	721.66	3.94
1494352006921259	823.32	606.98	3.94	960.48	748.78	3.98
1494352006937921	825.52	605.13	3.96	961.23	720.23	3.95
1494352006954554	829.81	611.46	3.96	957.27	737.25	4.00
1494352006971244	827.66	617.38	3.96	958.14	730.84	3.99
1494352006987907	828.08	615.32	3.97	956.92	724.12	3.96
1494352007004568	834.50	623.81	4.01	977.54	718.48	3.94
1494352007021220	834.54	606.79	3.97	979.87	701.83	3.89
1494352007037888	825.72	615.73	3.98	967.55	737.64	3.97
1494352007054535	826.69	600.74	3.95	961.38	730.10	4.00
1494352007071449	826.82	608.85	3.97	961.32	750.25	4.04
1494352007088035	833.28	609.49	3.96	973.47	736.56	3.96
1494352007104702	826.11	609.01	4.00	969.20	721.07	3.95
1494352007121374	831.24	609.67	3.98	969.34	720.22	3.94
1494352007138041	832.47	610.60	3.95	970.20	731.96	3.97
1494352007154701	838.84	615.34	3.97	983.60	693.50	3.83
1494352007171363	840.92	607.37	3.96	973.89	731.57	3.98
1494352007188032	826.49	615.04	3.97	954.35	726.47	3.96
1494352007204703	827.70	617.52	3.96	957.97	731.95	3.98
1494352007221366	824.32	605.12	3.96	959.37	742.09	3.95
1494352007238045	829.03	605.98	3.98	976.44	707.87	3.86
1494352007254689	832.37	606.54	3.97	974.85	704.67	3.90
1494352007271364	833.90	604.47	3.97	978.58	703.67	3.87
1494352007288040	832.88	611.06	3.98	978.88	704.79	3.89
1494352007304697	833.89	616.55	3.95	977.97	708.50	3.89
1494352007321368	828.44	608.53	3.97	974.47	706.73	3.90
1494352007338037	830.88	607.90	3.97	972.49	707.92	3.87
1494352007354674	830.29	603.32	3.95	977.88	707.63	3.89
1494352007371370	831.71	600.22	3.96	973.58	708.39	3.85
1494352007388005	NaN	NaN	NaN	976.61	704.48	3.90
1494352007404688	837.03	608.12	3.98	981.73	699.14	3.86
1494352007421352	829.84	604.61	3.96	977.54	706.08	3.92
1494352007438042	826.17	605.69	3.96	977.72	704.45	3.88
1494352007454699	831.48	607.88	3.99	973.89	703.87	3.91
1494352007471357	826.89	612.84	3.96	970.05	699.97	3.89
1494352007488084	827.22	604.14	3.97	958.34	709.84	3.89
1494352007504700	831.98	604.10	3.95	959.62	702.61	3.90
1494352007521357	838.80	608.61	3.95	972.36	700.76	3.89
1494352007538076	835.81	612.27	3.99	975.33	710.80	3.90
1494352007554691	826.94	606.94	3.96	970.89	706.72	3.89
1494352007571359	830.30	600.96	3.97	970.70	701.32	3.88
1494352007588068	829.35	608.43	3.97	976.32	703.90	3.87
1494352007604698	832.53	615.10	3.91	971.24	712.50	3.92
1494352007621362	830.46	600.43	3.95	978.89	709.49	3.89
1494352007638038	829.14	608.23	3.97	978.44	704.02	3.89
1494352007654707	830.77	622.05	3.90	980.21	702.73	3.89
1494352007671368	831.30	601.91	3.86	972.08	708.51	3.90
1494352007688046	832.84	612.57	3.92	980.34	702.19	3.88
1494352007704717	834.21	607.02	3.97	977.45	703.20	3.90
1494352007721387	NaN	NaN	NaN	975.13	708.85	3.89
1494352007738049	837.31	615.72	3.95	963.38	707.57	3.90
1494352007754725	829.37	610.36	3.97	958.48	709.61	3.89
1494352007771395	828.15	608.06	3.94	958.62	706.25	3.90
1494352007788050	827.14	614.56	3.94	966.13	699.31	3.88
1494352007804723	828.30	608.34	3.94	963.04	706.01	3.89
1494352007821398	827.68	615.64	3.94	967.41	702.37	3.89
1494352007838068	827.96	616.45	3.96	962.45	700.94	3.89
1494352007854744	834.69	615.22	3.97	973.03	703.58	3.87
1494352007871398	830.56	614.20	3.97	972.28	706.72	3.85
1494352007888077	828.53	610.73	3.94	964.91	699.60	3.89
1494352007904747	825.66	615.61	3.95	963.08	704.88	3.88
1494352007921422	828.03	616.08	3.95	959.61	705.56	3.90
1494352007938087	821.33	614.77	3.93	959.39	703.27	3.88
1494352007954747	825.64	614.86	3.97	960.70	701.99	3.88
1494352007971431	833.62	621.77	3.90	962.56	699.05	3.88
1494352007988096	836.73	610.24	3.90	974.65	701.98	3.89
1494352008004758	832.62	616.40	3.90	973.08	710.60	3.89
1494352008021439	831.52	609.41	3.96	973.10	704.38	3.88
1494352008038108	833.19	608.02	3.96	974.45	707.57	3.89
1494352008054766	823.77	609.21	3.93	975.74	695.56	3.91
1494352008071450	830.15	610.44	3.92	974.54	696.85	3.89
1494352008087957	827.55	605.25	3.96	968.18	724.21	3.94
1494352008104642	830.89	619.54	3.91	974.26	722.83	3.94
1494352008121314	830.76	618.39	3.95	976.96	729.56	3.96
1494352008137980	830.25	610.59	3.99	965.31	723.68	3.95
1494352008154616	831.48	604.41	3.94	971.13	723.35	3.94
1494352008171308	826.30	605.12	3.96	970.36	721.46	3.94
1494352008187967	828.80	599.03	3.93	967.85	729.23	3.97
1494352008204636	827.52	611.10	3.96	972.10	713.50	3.92
1494352008221298	827.41	606.03	3.98	971.61	699.11	3.89
1494352008237961	824.23	615.50	3.97	974.19	698.20	3.90
1494352008254633	821.55	602.20	3.89	965.62	693.81	3.90
1494352008271291	827.98	613.06	3.96	966.56	704.08	3.90
1494352008287945	829.89	610.17	3.95	974.26	698.07	3.88
1494352008304616	832.11	613.92	3.98	966.58	699.21	3.93
1494352008321280	830.18	606.61	3.96	976.18	701.45	3.87
1494352008337952	828.56	616.92	3.97	973.61	704.93	3.91
1494352008354620	828.28	616.20	3.98	969.19	695.94	3.89
1494352008371285	834.05	616.76	3.98	973.43	694.91	3.89
1494352008387943	828.18	611.81	3.97	974.24	700.50	3.91
1494352008404613	830.00	611.45	3.96	965.98	737.55	3.98
1494352008421273	834.13	593.23	3.86	961.33	739.35	4.01
1494352008437936	NaN	NaN	NaN	961.09	732.84	4.00
1494352008454608	824.23	601.04	3.94	967.44	712.31	3.96
1494352008471271	826.80	615.33	3.97	970.88	728.16	3.95
1494352008487933	823.09	610.22	3.94	961.37	700.44	3.90
1494352008504602	826.96	611.71	3.95	965.32	700.09	3.88
1494352008521267	826.80	614.26	3.94	958.27	723.52	4.00
1494352008537921	837.08	616.19	3.96	961.45	696.49	3.90
1494352008554588	824.12	612.83	3.93	958.67	715.94	3.91
1494352008571260	825.11	623.07	3.95	960.90	702.92	3.90
1494352008588075	827.24	610.82	3.93	967.24	703.34	3.90
1494352008604743	829.99	612.85	3.96	963.95	701.01	3.88
1494352008621413	827.91	618.54	3.94	964.99	700.62	3.89
1494352008638085	825.09	615.03	3.96	955.04	711.06	3.90
1494352008654760	823.73	613.65	3.97	959.95	704.08	3.88
1494352008671431	829.73	613.12	3.95	960.12	704.79	3.87
1494352008688100	833.90	618.46	3.97	959.28	704.16	3.90
1494352008704764	831.01	614.81	3.94	961.80	701.66	3.89
1494352008721440	826.10	614.22	3.94	970.77	696.63	3.88
1494352008738104	824.41	610.35	3.94	962.76	700.12	3.90
1494352008754781	829.81	615.05	3.95	959.24	707.46	3.88
1494352008771450	827.32	616.75	3.95	961.90	701.75	3.91
1494352008788120	825.29	604.91	3.91	962.94	693.90	3.87
1494352008804782	826.46	615.88	3.95	960.12	701.59	3.91
1494352008821456	830.41	615.28	3.94	963.06	699.34	3.89
1494352008838128	828.20	621.77	3.96	959.62	701.74	3.90
1494352008854798	830.33	612.13	3.95	964.00	702.29	3.91
1494352008871471	827.45	621.61	3.96	958.25	724.32	3.98
1494352008888139	827.47	615.64	3.94	957.14	718.27	3.97
1494352008904802	825.15	608.05	3.88	960.32	703.77	3.89
1494352008921481	828.30	611.75	3.95	956.17	720.41	3.94
1494352008938149	828.01	613.05	3.96	962.12	704.98	3.91
1494352008954818	828.20	618.17	3.97	957.46	708.40	3.92
1494352008971489	824.66	621.85	3.95	961.99	707.25	3.91
1494352008988158	829.07	615.83	3.96	959.66	704.68	3.90
1494352009004828	828.69	616.08	3.96	964.20	699.68	3.86
1494352009021496	826.16	615.02	3.93	960.96	704.72	3.88
1494352009038158	822.75	613.90	3.94	962.51	699.78	3.91
1494352009054834	NaN	NaN	NaN	959.41	701.22	3.88
1494352009071513	826.49	616.71	3.95	957.59	705.67	3.89
1494352009088007	825.02	606.90	3.93	959.94	707.31	3.86
1494352009104653	825.75	618.81	3.97	960.94	705.97	3.90
1494352009121384	824.31	619.46	3.94	963.41	703.89	3.89
1494352009138005	825.87	616.29	3.95	958.95	709.42	3.89
1494352009154678	830.09	615.98	3.94	960.56	701.51	3.91
1494352009171383	826.48	617.45	3.96	971.65	698.21	3.87
1494352009187993	824.94	616.25	3.95	967.52	705.20	3.93
1494352009204675	828.55	616.63	3.96	960.85	713.40	3.96
1494352009221382	830.67	611.81	3.96	961.97	715.49	3.95
1494352009238009	821.85	630.08	3.94	965.17	713.12	3.94
1494352009254662	827.93	613.99	3.94	963.19	714.00	3.94
1494352009271388	827.70	617.70	3.96	956.24	727.22	3.99
1494352009288004	829.38	615.58	3.93	959.82	722.38	3.97
1494352009304665	829.50	611.65	3.95	960.81	717.77	3.96
1494352009321304	828.75	619.80	3.96	954.66	730.93	4.01
1494352009338002	825.38	619.51	3.96	955.18	723.58	3.96
1494352009354662	821.43	611.96	3.94	961.88	724.46	3.95
1494352009371334	822.00	612.14	3.96	957.35	719.72	3.93
1494352009387995	843.22	619.70	3.93	966.28	700.30	3.89
1494352009404668	836.21	615.57	3.97	971.05	697.90	3.87
1494352009421324	830.89	617.19	3.98	979.96	707.77	3.84
1494352009437999	829.82	608.82	3.97	975.28	721.73	3.92
1494352009454665	829.54	607.30	3.96	978.58	714.41	3.90
1494352009471298	832.11	601.31	3.94	965.20	730.56	3.96
1494352009487985	831.02	605.89	3.94	974.61	722.79	3.93
1494352009504655	830.57	604.00	3.98	977.57	717.07	3.90
1494352009521327	828.92	606.39	3.95	976.95	715.44	3.90
1494352009537983	823.81	611.04	3.94	971.17	725.95	3.90
1494352009554642	831.03	608.21	3.96	973.47	725.57	3.94
1494352009571325	831.38	617.69	3.96	975.66	702.69	3.86
1494352009587985	835.71	610.09	3.95	975.44	725.21	3.88
1494352009604692	834.40	614.03	3.97	976.23	717.56	3.88
1494352009621354	837.08	614.47	3.93	960.46	714.85	3.89
1494352009638034	824.89	613.22	3.96	961.30	708.77	3.88
1494352009654700	824.32	614.99	3.92	957.74	716.55	3.93
1494352009671362	823.92	616.30	3.95	957.83	721.52	3.91
1494352009688037	822.47	616.92	3.94	960.23	716.10	3.91
1494352009704704	823.37	613.56	3.95	957.24	713.95	3.87
1494352009721371	819.34	610.13	3.95	963.25	717.52	3.89
1494352009738039	827.96	619.00	3.96	955.66	710.82	3.90
1494352009754700	830.92	614.60	3.93	956.25	728.39	3.93
1494352009771362	820.05	615.51	3.95	975.13	711.95	3.87
1494352009788043	828.15	617.93	3.95	962.33	709.73	3.89
1494352009804710	829.62	612.76	3.97	974.23	728.87	3.92
1494352009821343	823.57	617.28	3.94	960.02	728.52	3.94
1494352009838045	831.97	615.83	3.94	966.90	712.20	3.90
1494352009854695	830.65	606.64	3.96	976.74	700.15	3.87
1494352009871373	830.88	606.64	3.96	978.89	700.31	3.85
1494352009888040	833.18	615.02	3.94	974.20	706.29	3.87
1494352009904708	832.56	612.02	3.95	971.63	719.73	3.91
1494352009921382	832.60	605.69	3.95	967.31	721.63	3.93
1494352009938050	825.58	618.78	3.94	957.67	729.42	3.94
1494352009954716	825.65	618.02	3.93	961.82	722.39	3.91
1494352009971383	822.83	611.06	3.93	954.85	733.43	3.96
1494352009988046	822.99	610.79	3.95	963.60	720.56	3.90
1494352010004719	822.11	607.81	3.94	958.22	716.99	3.95
1494352010021371	831.85	608.17	3.95	961.88	711.54	3.91
1494352010038043	830.33	606.22	3.96	963.54	732.18	3.97
1494352010054718	824.91	602.78	3.96	967.85	711.16	3.92
1494352010071383	837.05	615.26	3.95	958.07	718.32	3.94
1494352010088047	835.57	615.27	3.98	957.79	721.80	3.93
1494352010104726	826.63	609.94	3.97	962.73	711.80	3.92
1494352010121362	823.22	614.41	3.94	964.69	727.60	3.94
1494352010138056	826.10	619.79	3.94	961.55	723.62	3.94
1494352010154723	829.30	609.07	3.96	974.09	707.49	3.86
1494352010171388	831.48	613.87	3.99	975.11	713.32	3.86
1494352010188054	838.33	611.81	3.93	955.24	723.64	3.93
1494352010204719	825.89	609.90	3.97	967.61	718.98	3.94
1494352010221373	828.92	617.39	3.96	960.12	703.54	3.87
1494352010238046	825.30	602.31	3.93	967.02	726.28	3.93
1494352010254716	831.90	613.64	3.97	970.28	712.08	3.88
1494352010271376	827.91	607.68	3.94	959.76	725.46	3.93
1494352010288049	827.55	611.09	3.95	972.41	703.79	3.87
1494352010304714	835.90	612.61	3.95	967.41	701.13	3.88
1494352010321372	821.29	601.71	3.95	958.48	720.76	3.95
1494352010338045	827.94	608.06	3.97	974.11	704.70	3.88
1494352010354706	NaN	NaN	NaN	968.26	716.80	3.90
1494352010371370	824.86	614.80	3.92	959.37	716.74	3.88
1494352010388037	833.50	611.98	3.96	964.34	711.55	3.94
1494352010404709	832.09	611.68	3.98	968.49	717.82	3.94
1494352010421368	832.61	611.48	3.97	975.81	709.51	3.94
1494352010438035	834.77	606.53	4.00	961.15	713.42	3.94
1494352010454696	831.89	608.26	3.94	NaN	NaN	NaN
1494352010471361	828.05	617.12	3.96	955.41	737.91	3.97
1494352010488022	820.94	612.44	3.97	976.79	716.71	3.93
1494352010504706	829.54	609.03	3.96	973.56	732.61	3.98
1494352010521362	821.19	616.13	3.97	974.40	716.98	3.90
1494352010538028	831.13	619.23	3.94	970.59	743.99	3.98
1494352010554672	NaN	NaN	NaN	966.64	716.03	3.92
1494352010571361	828.52	622.78	3.97	955.05	735.25	3.94
1494352010588028	830.03	621.59	3.94	955.89	751.30	4.02
1494352010604686	824.73	616.57	3.93	949.98	749.99	4.03
1494352010621310	823.58	611.55	3.95	958.79	724.45	3.94
1494352010638007	821.82	611.33	3.91	960.20	714.99	3.89
1494352010654684	NaN	NaN	NaN	971.32	753.24	4.02
1494352010671319	829.40	608.28	3.97	966.31	712.58	3.89
1494352010688006	829.88	605.15	3.86	958.29	711.23	3.88
1494352010704651	NaN	NaN	NaN	973.38	709.62	3.88
1494352010721345	831.53	612.39	3.94	974.51	711.68	3.89
1494352010738010	831.16	611.24	3.97	980.83	699.55	3.86
1494352010754683	826.04	603.31	3.93	974.42	707.03	3.87
1494352010771343	828.29	612.24	3.97	978.13	695.90	3.87
1494352010788009	822.58	603.83	3.97	959.69	706.66	3.88
1494352010804724	826.56	618.76	3.96	961.23	707.46	3.90
1494352010821331	831.22	614.08	3.95	974.53	725.50	3.97
1494352010838003	829.01	605.73	3.97	964.99	745.93	4.01
1494352010854710	830.69	612.15	3.96	973.37	719.03	3.96
1494352010871331	817.82	608.48	3.96	959.64	713.56	3.91
1494352010888003	825.43	617.03	3.93	958.12	699.14	3.88
1494352010904716	825.50	606.77	3.95	956.91	709.25	3.92
1494352010921328	832.48	615.29	3.96	973.82	707.22	3.90
1494352010938000	832.40	613.49	3.95	964.74	726.16	3.93
1494352010954637	826.64	614.29	3.94	959.22	717.90	3.91
1494352010971324	829.65	608.92	3.99	969.86	733.02	3.98
1494352010987998	833.90	610.13	3.93	964.46	727.24	3.93
1494352011004659	821.61	615.40	3.97	956.71	724.65	3.94
1494352011021315	836.05	612.92	3.96	964.67	714.96	3.93
1494352011037977	831.19	607.36	3.97	966.05	719.73	3.91
1494352011054654	827.15	608.36	3.96	968.35	714.64	3.91
1494352011071328	833.02	614.09	3.95	973.64	721.00	3.93
1494352011087994	831.18	616.01	3.96	969.17	710.09	3.89
1494352011104653	825.35	608.76	3.94	964.21	710.39	3.89
1494352011121312	827.94	603.26	3.97	954.52	743.86	4.02
1494352011138015	831.48	614.87	3.97	973.07	713.06	3.92
1494352011154678	825.94	604.00	3.95	970.68	723.54	3.93
1494352011171350	828.01	604.71	3.96	960.86	731.29	4.00
1494352011188017	829.73	606.49	3.99	964.77	723.01	3.94
1494352011204668	834.23	614.55	3.96	971.56	721.88	3.89
1494352011221343	825.69	601.35	3.95	961.34	741.68	4.01
1494352011238020	820.13	609.26	3.96	977.00	713.62	3.93
1494352011254681	827.73	606.08	3.95	964.11	729.23	3.95
1494352011271355	836.68	616.67	3.96	967.25	705.70	3.88
1494352011288012	829.87	607.65	3.95	954.06	746.31	4.01
1494352011304684	831.83	619.14	3.99	978.06	736.36	3.95
1494352011321358	826.41	612.61	3.94	952.13	746.49	4.03
1494352011338023	832.88	616.36	3.96	966.63	732.38	3.92
1494352011354685	832.31	617.45	3.98	966.61	732.07	3.98
1494352011371360	830.45	616.06	3.98	956.56	724.77	3.96
1494352011388021	827.01	608.28	3.96	973.47	732.72	3.97
1494352011404695	822.92	608.45	3.96	956.24	730.88	3.96
1494352011421334	825.73	602.14	3.95	961.05	711.44	3.89
1494352011438030	833.90	610.44	3.96	975.93	703.07	3.89
1494352011454686	827.73	608.49	3.95	975.43	706.30	3.88
1494352011471356	828.36	612.68	3.96	953.06	741.83	4.01
1494352011488029	825.75	604.63	3.96	954.61	720.54	3.95
1494352011504698	829.52	620.16	3.95	969.15	710.97	3.88
1494352011521360	829.31	608.54	3.96	978.36	711.36	3.89
1494352011538026	827.81	607.97	3.95	955.72	732.84	3.97
1494352011554672	823.13	604.02	3.94	952.81	739.07	4.02
1494352011571358	824.73	617.59	3.96	957.46	708.03	3.89
1494352011588029	829.85	611.46	3.95	972.15	706.51	3.86
1494352011604697	826.75	599.01	3.95	965.90	727.17	3.97
1494352011621244	831.22	609.64	3.96	952.22	731.02	3.96
1494352011637908	826.71	616.19	3.96	957.98	719.20	3.93
1494352011654568	827.21	622.15	3.96	956.82	742.90	3.99
1494352011671226	829.23	600.56	3.96	958.49	736.34	3.99
1494352011687903	826.34	618.73	3.96	956.78	713.39	3.90
1494352011704563	830.97	610.83	3.98	974.34	705.43	3.89
1494352011721222	820.36	620.41	3.94	967.08	708.33	3.91
1494352011737890	827.00	612.87	3.95	965.89	726.88	3.95
1494352011754547	833.02	609.19	3.97	977.34	705.15	3.91
1494352011771200	826.73	614.91	3.94	959.65	707.83	3.89
1494352011787880	826.46	621.75	3.95	953.30	732.44	3.99
1494352011804542	829.43	614.38	3.95	961.52	708.93	3.86
1494352011821191	830.46	613.41	3.95	960.66	708.23	3.87
1494352011837866	829.48	609.73	3.96	969.21	718.55	3.92
1494352011854521	824.12	615.72	3.96	957.54	734.43	4.02
1494352011871184	825.51	615.94	3.93	968.52	709.60	3.88
1494352011887854	826.88	612.94	3.92	959.72	723.74	3.94
1494352011904501	826.50	616.44	3.95	972.58	726.64	3.94
1494352011921179	833.95	610.41	3.94	971.36	698.32	3.90
1494352011937842	834.99	612.45	3.98	969.24	729.96	3.97
1494352011954498	834.41	595.12	3.95	970.02	709.93	3.89
1494352011971160	825.87	607.56	3.95	968.82	736.03	4.01
1494352011987813	821.69	615.80	3.96	957.44	730.58	3.98
1494352012004490	831.11	613.61	3.94	968.40	728.26	3.96
1494352012021139	826.38	610.35	3.97	969.07	704.83	3.88
1494352012037814	830.40	606.97	3.97	967.54	717.46	3.92
1494352012054470	829.23	609.14	3.95	963.83	742.43	4.00
1494352012071144	832.08	607.82	3.98	953.34	734.22	3.96
1494352012087805	831.29	607.70	3.96	970.34	723.77	3.95
1494352012104451	832.75	615.99	3.96	971.71	737.65	3.97
1494352012121123	828.37	613.13	3.98	965.92	752.09	4.00
1494352012138042	NaN	NaN	NaN	969.02	731.46	3.97
1494352012154684	829.93	605.50	3.94	972.45	714.68	3.90
1494352012171358	830.52	604.40	3.98	967.01	732.49	3.97
1494352012188014	831.09	611.42	3.97	968.39	723.38	3.92
1494352012204685	823.48	611.10	3.94	968.07	739.08	3.96
1494352012221353	831.79	606.03	3.97	972.20	724.05	3.95
1494352012238030	827.00	609.00	3.96	976.22	721.01	3.91
1494352012254684	830.97	618.66	3.99	968.94	729.70	3.97
1494352012271356	830.05	610.44	3.95	969.45	731.64	3.94
1494352012288034	828.61	605.28	3.96	974.10	702.94	3.91
1494352012304697	831.28	610.89	3.95	968.81	733.28	3.99
1494352012321367	836.08	609.75	3.97	972.39	712.74	3.92
1494352012338041	824.85	616.06	3.96	957.85	719.28	3.91
1494352012354673	828.24	609.39	3.98	971.96	720.44	3.93
1494352012371362	829.04	608.97	3.97	974.83	704.53	3.83
1494352012388044	827.51	614.00	3.97	961.66	710.20	3.91
1494352012404703	824.07	613.65	3.97	958.18	704.47	3.90
1494352012421364	831.25	606.68	3.96	973.63	710.77	3.91
1494352012438081	825.27	614.90	3.97	965.31	721.08	3.93
1494352012454697	827.27	601.76	3.96	957.41	733.85	3.94
1494352012471342	832.24	608.43	3.97	959.42	715.79	3.95
1494352012488077	829.57	605.10	3.97	970.83	731.48	3.98
1494352012504710	827.86	613.34	3.96	979.24	705.10	3.87
1494352012521377	823.31	600.05	3.92	968.84	697.52	3.88
1494352012538085	827.08	613.87	3.95	968.83	708.39	3.87
1494352012554697	830.58	610.86	3.97	967.40	704.59	3.91
1494352012571379	833.65	615.01	3.97	974.39	713.57	3.91
1494352012588088	822.98	611.48	3.97	960.68	733.10	3.95
1494352012604709	833.21	595.80	3.95	961.04	728.51	3.98
1494352012621371	831.78	608.52	3.97	967.01	719.88	3.96
1494352012637983	829.56	614.68	3.92	968.21	710.48	3.87
1494352012654616	826.72	603.04	3.96	957.86	711.23	3.89
1494352012671314	829.84	609.18	3.95	967.37	710.61	3.89
1494352012687988	831.91	607.32	3.99	971.96	743.63	3.99
1494352012704657	831.63	618.30	3.95	960.25	722.88	3.95
1494352012721325	833.97	606.83	3.98	972.74	717.90	3.94
1494352012737987	828.70	611.58	3.98	974.27	706.12	3.89
1494352012754632	831.41	605.14	3.98	966.94	728.96	3.97
1494352012771330	824.14	610.07	3.97	974.68	716.00	3.88
1494352012787993	830.64	615.82	3.98	969.32	725.64	4.00
1494352012804667	830.56	602.76	3.97	964.87	726.56	3.97
1494352012821324	828.61	604.48	3.96	966.20	710.80	3.90
1494352012837996	834.01	610.04	3.95	962.25	736.71	3.95
1494352012854671	831.15	604.48	4.01	968.28	728.45	3.91
1494352012871334	830.62	612.98	3.98	975.14	722.79	3.95
1494352012888006	NaN	NaN	NaN	970.64	706.15	3.92
1494352012904670	831.69	603.52	3.93	973.60	721.16	3.94
1494352012921345	833.37	609.44	3.98	971.82	719.17	3.94
1494352012938007	831.83	611.87	4.00	976.02	704.27	3.89
1494352012954652	830.61	596.67	3.98	974.33	720.19	3.95
1494352012971349	828.69	614.73	3.99	973.77	711.01	3.87
1494352012988018	821.52	601.15	3.96	965.72	702.61	3.86
1494352013004679	831.48	608.76	3.95	975.08	716.12	3.94
1494352013021337	830.59	608.69	4.00	972.05	716.59	3.95
1494352013038018	835.30	615.08	3.95	974.43	726.95	3.97
1494352013054687	830.44	615.02	3.99	976.20	712.65	3.91
1494352013071363	824.81	613.27	3.97	968.73	719.46	3.95
1494352013088021	823.75	620.57	3.96	966.99	709.84	3.91
1494352013104687	827.38	608.79	3.93	971.92	703.72	3.86
1494352013121364	828.76	605.07	3.97	975.55	695.60	3.88
1494352013138035	829.57	608.30	3.98	968.97	744.94	4.02
1494352013154666	833.53	607.71	3.97	978.65	704.78	3.88
1494352013171377	831.61	609.93	3.95	975.00	705.96	3.91
1494352013188038	831.27	609.44	3.94	975.95	742.40	3.98
1494352013204715	830.98	600.46	3.98	974.91	724.84	3.96
1494352013221371	831.76	608.64	3.96	972.37	711.53	3.93
1494352013238053	826.40	613.41	3.99	966.81	723.93	3.89
1494352013254722	831.00	606.76	3.97	967.64	715.53	3.90
1494352013271384	829.70	622.28	4.00	975.08	705.72	3.89
1494352013288061	827.35	605.93	3.94	974.87	730.98	3.96
1494352013304729	828.94	602.85	3.97	974.76	713.01	3.92
1494352013321398	834.97	609.64	3.98	973.04	716.63	3.93
1494352013338061	829.23	602.55	3.96	972.04	721.21	3.92
1494352013354738	829.41	605.62	3.95	963.47	744.24	4.01
1494352013371407	834.39	605.08	3.97	975.67	708.14	3.90
1494352013388071	831.60	610.61	3.97	972.68	709.06	3.90
1494352013404740	834.18	605.99	3.97	972.16	739.00	3.98
1494352013421404	832.55	602.69	3.97	968.35	719.19	3.97
1494352013438078	824.43	610.51	3.95	975.01	711.71	3.87
1494352013454754	828.46	607.04	3.97	973.79	704.10	3.89
1494352013471409	828.16	609.78	3.96	976.88	702.37	3.88
1494352013488090	828.50	606.84	3.97	971.09	707.88	3.87
1494352013504761	832.56	611.87	3.97	968.05	708.82	3.88
1494352013521426	827.98	612.27	3.95	956.95	737.15	3.96
1494352013538094	824.90	601.39	3.97	973.78	720.58	3.92
1494352013554763	826.16	606.55	3.98	972.12	709.97	3.93
1494352013571439	830.50	609.19	3.98	971.15	717.76	3.93
1494352013588108	832.83	612.28	3.97	976.23	717.29	3.93
1494352013604772	829.11	608.77	3.97	974.60	727.91	3.91
1494352013621437	831.94	606.07	3.96	974.06	740.03	3.96
1494352013638106	834.35	608.97	3.98	969.27	733.83	3.97
1494352013654630	827.23	601.22	3.97	961.22	734.17	3.99
1494352013671292	827.16	603.48	3.97	967.93	702.26	3.90
1494352013687961	828.22	609.63	3.95	955.81	718.25	3.95
1494352013704635	823.17	615.06	3.96	963.57	727.26	3.95
1494352013721302	829.99	603.89	3.93	975.42	701.55	3.88
1494352013737967	835.05	601.98	3.99	975.17	702.01	3.88
1494352013754625	828.26	595.68	3.97	971.22	706.33	3.88
1494352013771299	828.47	609.82	3.96	972.86	705.98	3.88
1494352013787961	827.84	613.30	3.97	970.55	712.56	3.88
1494352013804633	827.66	613.09	3.97	978.68	705.99	3.86
1494352013821287	829.40	603.31	3.96	976.22	710.11	3.89
1494352013837960	831.68	610.06	3.97	971.65	727.21	3.96
1494352013854632	834.38	608.72	3.98	975.02	705.76	3.90
1494352013871292	829.41	609.18	3.96	974.85	707.51	3.91
1494352013887958	832.43	618.58	3.95	976.67	704.73	3.87
1494352013904632	825.18	613.80	3.95	972.13	709.27	3.89
1494352013921297	826.93	608.62	3.95	969.19	710.87	3.87
1494352013937965	825.15	611.75	3.93	959.97	728.08	3.93
1494352013954630	826.58	609.15	3.94	976.38	706.49	3.88
1494352013971303	829.29	603.02	3.97	973.80	718.78	3.93
1494352013987963	827.96	609.43	3.95	973.43	713.63	3.92
1494352014004630	828.20	607.20	3.96	975.59	716.10	3.91
1494352014021309	832.59	611.63	3.98	975.11	705.60	3.90
1494352014037953	832.22	604.50	3.96	970.74	731.74	3.95
1494352014054626	824.43	603.76	3.99	971.24	726.99	3.96
1494352014071310	831.53	611.40	3.98	967.90	734.30	3.98
1494352014087951	828.25	620.35	3.99	964.79	742.65	3.99
1494352014104612	826.81	617.98	3.97	967.46	727.09	3.94
1494352014121333	828.05	611.35	3.94	964.14	713.97	3.90
1494352014137951	828.86	619.01	3.95	961.52	710.02	3.89
1494352014154696	830.07	603.53	3.96	973.62	713.20	3.91
1494352014171335	829.28	603.94	3.97	971.80	714.21	3.91
1494352014188031	833.32	602.44	3.98	976.60	702.97	3.88
1494352014204699	833.98	608.73	3.97	975.20	705.66	3.89
1494352014221334	827.05	603.32	3.97	976.87	716.17	3.86
1494352014238029	828.93	610.53	3.96	976.58	716.48	3.88
1494352014254698	829.21	612.25	3.95	976.00	702.81	3.90
1494352014271357	825.95	608.55	4.00	964.41	716.62	3.94
1494352014288031	831.36	607.90	3.98	974.98	702.34	3.87
1494352014304702	832.64	607.14	3.95	979.63	711.57	3.88
1494352014321371	826.04	607.14	3.95	974.11	713.63	3.88
1494352014338039	829.63	607.89	3.94	966.40	709.78	3.87
1494352014354714	829.84	612.30	3.96	975.01	706.40	3.87
1494352014371382	827.80	599.98	3.95	965.09	725.27	3.92
1494352014388050	834.41	611.76	3.97	969.43	706.38	3.87
1494352014404707	831.31	613.51	3.96	976.22	703.36	3.86
1494352014421356	830.40	607.92	3.94	975.69	727.86	3.93
1494352014438054	831.34	609.84	3.97	973.21	704.43	3.87
1494352014454716	829.68	614.67	3.98	972.50	736.28	3.97
1494352014471361	832.48	602.97	3.99	967.13	723.52	3.98
1494352014488055	829.82	602.45	3.98	974.46	727.14	3.94
1494352014504718	825.28	613.37	3.97	972.19	736.95	3.97
1494352014521395	825.43	615.06	3.98	972.06	708.87	3.90
1494352014538064	826.55	606.89	3.93	976.14	709.29	3.88
1494352014554725	826.93	607.38	3.94	969.64	720.70	3.93
1494352014571390	828.97	611.77	3.95	969.78	716.03	3.92
1494352014588067	829.11	607.14	3.95	967.74	717.77	3.95
1494352014604737	821.97	613.56	3.93	974.44	713.59	3.91
1494352014621371	825.75	614.01	3.94	969.54	723.26	3.92
1494352014638073	828.79	611.15	3.98	974.97	710.08	3.86
1494352014654599	834.00	615.25	3.97	977.24	714.18	3.89
1494352014671255	829.35	615.31	3.95	976.10	723.18	3.95
1494352014687924	827.76	611.86	3.98	971.60	732.74	3.97
1494352014704589	822.60	617.25	3.97	969.59	726.13	3.92
1494352014721245	828.90	615.18	3.98	969.44	701.11	3.89
1494352014737915	827.75	609.44	3.94	970.37	708.88	3.90
1494352014754578	834.55	615.78	3.97	973.65	710.03	3.86
1494352014771242	828.25	605.72	3.96	974.19	714.83	3.92
1494352014787899	830.49	607.75	3.96	967.38	716.34	3.88
1494352014804569	829.36	612.78	3.95	974.53	704.09	3.90
1494352014821197	827.71	619.61	3.98	975.03	705.67	3.87
1494352014837896	828.67	609.16	3.99	975.41	707.20	3.87
1494352014854559	832.06	608.40	3.98	978.79	704.75	3.88
1494352014871215	828.83	614.75	3.97	976.07	706.52	3.86
1494352014887876	834.68	614.90	3.97	978.04	710.83	3.88
1494352014904545	831.13	611.33	3.98	970.09	734.21	3.97
1494352014921208	827.45	613.94	3.97	973.11	731.88	3.94
1494352014937877	831.28	600.76	3.96	972.02	707.59	3.86
1494352014954541	830.14	612.92	3.95	972.33	704.05	3.86
1494352014971204	828.54	613.13	3.95	968.02	710.53	3.88
1494352014987864	829.93	607.22	3.94	967.00	716.29	3.91
1494352015004530	829.80	604.05	3.93	974.79	714.04	3.92
1494352015021158	832.73	612.98	3.96	968.92	724.77	3.95
1494352015037854	828.37	613.41	3.96	972.33	717.24	3.89
1494352015054517	831.23	602.40	3.95	976.45	701.49	3.87
1494352015071159	828.21	611.73	3.98	974.34	724.34	3.92
1494352015087841	827.66	615.62	3.96	974.30	695.61	3.86
1494352015104512	829.56	612.00	3.96	968.60	726.32	3.99
1494352015121168	830.60	610.81	3.96	980.72	708.12	3.87
1494352015137832	831.48	612.05	3.97	972.08	711.42	3.88
1494352015154503	830.40	611.01	3.98	974.96	706.04	3.86
1494352015171209	834.21	605.40	3.93	975.50	709.58	3.86
1494352015187875	827.64	616.41	3.95	972.74	714.38	3.92
1494352015204547	825.81	614.27	3.92	979.41	702.89	3.85
1494352015221177	830.04	613.34	3.98	969.15	728.28	3.93
1494352015237877	830.56	610.40	3.96	970.67	715.55	3.93
1494352015254543	827.07	610.44	3.98	972.44	706.08	3.87
1494352015271199	830.67	614.38	3.97	975.75	709.78	3.88
1494352015287872	NaN	NaN	NaN	978.50	715.93	3.89
1494352015304540	830.71	609.06	3.96	973.73	707.20	3.87
1494352015321203	835.03	611.90	3.98	977.12	708.46	3.86
1494352015337866	827.99	609.16	3.96	972.53	708.31	3.88
1494352015354526	826.00	614.22	3.95	975.26	710.48	3.87
1494352015371197	829.77	616.48	3.96	967.49	727.13	3.94
1494352015387862	830.93	610.56	3.96	972.12	705.51	3.86
1494352015404527	828.58	604.38	3.93	970.76	707.64	3.86
1494352015421155	834.54	607.81	3.96	971.82	707.29	3.89
1494352015437857	830.89	605.91	3.95	970.56	707.03	3.88
1494352015454521	830.09	601.98	3.97	979.44	703.18	3.86
1494352015471177	826.63	610.63	3.95	974.97	709.94	3.88
1494352015487842	826.29	615.27	3.96	974.67	711.31	3.87
1494352015504519	829.14	613.54	3.96	977.88	706.85	3.89
1494352015521182	827.28	619.46	3.99	977.61	722.60	3.96
1494352015537847	827.12	608.96	3.96	975.22	710.83	3.90
1494352015554516	826.46	608.92	3.94	977.03	712.75	3.87
1494352015571176	831.81	626.57	3.94	974.30	712.52	3.89
1494352015587842	829.41	613.43	3.97	979.41	701.42	3.88
1494352015604509	831.50	603.22	3.95	972.21	707.02	3.88
1494352015621126	828.49	604.17	3.94	971.82	700.74	3.83
1494352015637830	831.60	614.78	3.95	967.54	715.32	3.90
1494352015654510	828.05	615.09	3.96	974.03	711.58	3.87
1494352015671262	828.05	615.91	3.96	969.02	715.53	3.89
1494352015687959	821.63	618.30	3.96	977.80	712.51	3.87
1494352015704641	832.60	602.52	3.94	973.13	704.52	3.87
1494352015721294	826.01	613.40	3.97	972.96	709.31	3.90
1494352015737967	831.09	611.81	3.94	969.50	737.71	3.97
1494352015754676	826.98	613.73	3.95	975.40	709.55	3.89
1494352015771295	828.85	609.24	3.97	977.06	703.81	3.85
1494352015787968	833.69	608.93	3.97	968.42	708.48	3.87
1494352015804683	832.42	615.33	3.99	971.67	709.15	3.88
1494352015821288	829.68	609.47	3.97	968.31	707.40	3.89
1494352015837970	831.58	607.05	3.95	965.50	733.56	3.98
1494352015854675	833.42	616.79	3.94	971.69	725.86	3.94
1494352015871305	830.92	608.38	3.98	972.52	708.50	3.87
1494352015887971	829.29	604.84	3.96	973.64	713.89	3.86
1494352015904681	833.94	614.86	3.98	976.81	721.03	3.89
1494352015921303	828.92	607.01	3.98	970.59	738.79	3.98
1494352015937972	829.31	613.85	3.96	972.85	730.21	3.91
1494352015954610	826.08	608.99	4.00	978.81	709.66	3.88
1494352015971306	825.75	615.46	3.95	971.22	742.61	4.00
1494352015987966	834.23	608.27	3.98	972.72	735.87	3.98
1494352016004633	826.14	604.67	3.96	971.25	714.42	3.91
1494352016021312	829.97	607.67	3.99	976.86	703.07	3.89
1494352016037971	829.47	611.69	3.94	976.18	702.18	3.88
1494352016054638	829.55	617.77	3.96	970.43	725.98	3.93
1494352016071314	827.14	606.20	3.97	975.86	707.57	3.88
1494352016087975	827.73	607.86	3.93	975.05	719.50	3.92
1494352016104637	827.35	605.01	3.95	973.43	705.82	3.86
1494352016121303	827.49	619.65	3.98	969.86	727.43	3.94
1494352016137977	825.15	614.35	3.97	963.69	723.68	3.95
1494352016154615	827.96	609.02	3.97	973.87	704.78	3.85
1494352016171311	824.59	608.86	3.97	976.69	704.96	3.87
1494352016187857	830.35	609.14	3.94	961.69	746.88	4.01
1494352016204519	824.71	614.88	3.94	963.33	746.61	4.01
1494352016221204	829.19	607.64	3.94	967.57	719.71	3.92
1494352016237841	828.72	612.29	3.96	969.88	724.94	3.97
1494352016254506	830.82	607.96	3.95	973.83	710.75	3.89
1494352016271170	829.29	608.99	3.96	965.05	708.64	3.88
1494352016287831	827.30	615.46	3.96	970.30	707.52	3.89
1494352016304494	831.17	616.72	3.96	975.11	708.31	3.88
1494352016321158	829.30	606.11	3.98	973.71	708.02	3.87
1494352016337820	826.72	618.62	3.96	980.15	707.17	3.87
1494352016354469	829.49	608.26	3.95	972.24	724.21	3.96
1494352016371143	828.89	613.65	3.98	972.59	708.64	3.87
1494352016387796	827.29	610.57	3.97	967.56	705.87	3.89
1494352016404463	829.17	605.82	3.96	968.65	717.28	3.92
1494352016421157	827.49	605.40	3.93	977.34	705.42	3.86
1494352016437795	831.29	613.43	3.97	969.51	716.42	3.91
1494352016454459	832.69	620.30	3.96	973.07	708.62	3.88
1494352016471117	834.71	611.93	3.98	962.01	720.19	3.92
1494352016487777	833.00	607.51	3.96	964.76	709.98	3.90
1494352016504430	828.61	606.58	3.94	978.49	706.62	3.87
1494352016521108	828.78	607.15	3.96	979.94	702.72	3.86
1494352016537764	828.25	613.71	3.95	973.41	708.75	3.89
1494352016554433	830.27	603.76	3.96	968.45	742.66	3.96
1494352016571088	830.97	611.74	3.98	970.16	707.79	3.88
1494352016587750	826.46	617.74	3.96	976.37	707.71	3.87
1494352016604420	835.62	608.01	3.97	973.27	709.21	3.87
1494352016621135	828.56	609.80	3.96	973.40	712.19	3.88
1494352016637744	823.97	605.19	3.94	973.91	708.83	3.89
1494352016654409	827.73	605.96	3.96	978.03	708.92	3.86
1494352016671063	832.59	609.89	3.97	964.91	719.74	3.92
1494352016687939	830.24	612.21	3.95	969.97	705.15	3.87
1494352016704539	826.06	603.66	3.95	968.48	713.16	3.90
1494352016721210	831.32	607.24	3.96	976.94	711.32	3.86
1494352016737878	827.78	610.79	3.95	973.08	730.19	3.94
1494352016754537	829.13	606.94	3.96	974.80	709.05	3.89
1494352016771209	827.59	621.13	3.97	977.92	708.27	3.87
1494352016787874	824.89	616.69	3.97	972.99	707.81	3.89
1494352016804534	829.12	614.63	3.95	973.69	702.95	3.86
1494352016821307	823.36	610.07	3.93	968.56	704.65	3.91
1494352016837866	828.89	607.14	3.93	969.36	741.07	4.02
1494352016854539	833.59	615.50	3.98	976.23	715.89	3.93
1494352016871206	827.90	619.46	3.95	965.05	718.61	3.91
1494352016887870	828.22	606.59	3.95	975.51	696.41	3.89
1494352016904538	829.20	611.27	3.96	974.34	708.62	3.88
1494352016921205	831.74	609.41	3.97	969.73	707.24	3.88
1494352016937872	827.71	608.63	3.96	976.96	705.66	3.87
1494352016954531	830.84	612.41	3.95	973.13	717.09	3.93
1494352016971191	828.09	617.94	3.97	967.38	724.02	3.97
1494352016987869	830.26	610.43	3.98	969.20	744.12	3.98
1494352017004535	826.38	604.99	3.95	975.49	733.77	3.95
1494352017021242	827.35	612.11	3.95	966.14	739.17	3.96
1494352017037863	828.00	599.19	3.96	969.44	727.09	3.92
1494352017054531	832.31	608.68	3.96	961.65	746.10	3.99
1494352017071205	825.47	610.12	3.93	962.71	736.77	3.96
1494352017087863	830.63	611.74	3.96	959.11	739.59	3.98
1494352017104525	830.37	614.93	3.97	966.57	724.72	3.93
1494352017121191	826.47	617.90	3.94	968.12	737.05	3.98
1494352017137865	822.19	612.04	3.96	972.49	729.31	3.96
1494352017154532	831.40	614.15	3.94	972.33	732.08	3.97
1494352017171198	829.39	613.90	3.95	973.53	740.49	3.98
1494352017187983	827.74	607.34	3.98	972.30	739.49	3.98
1494352017204602	826.77	607.00	3.91	973.08	740.48	3.99
1494352017221374	833.35	605.44	3.97	972.64	722.92	3.93
1494352017237973	828.89	605.48	3.95	974.20	710.67	3.88
1494352017254635	829.02	606.54	3.96	970.08	705.52	3.88
1494352017271299	831.44	607.06	3.94	973.29	699.66	3.87
1494352017287970	828.44	608.13	3.94	970.44	734.73	3.96
1494352017304629	827.38	606.65	3.94	979.76	719.29	3.90
1494352017321293	829.39	617.21	3.97	975.54	704.55	3.86
1494352017337963	831.25	603.31	3.97	975.56	734.89	3.98
1494352017354615	827.62	608.23	3.94	971.48	709.38	3.88
1494352017371279	829.13	608.60	3.97	970.36	757.75	3.97
1494352017387951	834.13	615.31	3.97	973.03	730.91	3.96
1494352017404607	829.25	613.97	3.97	973.66	735.24	3.95
1494352017421258	823.89	609.49	3.97	972.87	736.41	3.95
1494352017437986	828.96	608.05	3.93	972.65	715.60	3.93
1494352017454609	831.46	609.28	3.98	964.80	726.87	3.95
1494352017471269	827.39	613.60	3.94	977.11	701.60	3.87
1494352017487966	830.69	612.96	3.96	979.25	701.27	3.86
1494352017504589	832.26	610.31	3.96	970.92	709.10	3.92
1494352017521265	831.91	606.95	3.98	978.50	702.53	3.84
1494352017537956	826.24	611.41	3.94	964.59	735.03	3.97
1494352017554594	832.50	611.97	3.97	970.67	726.23	3.95
1494352017571258	828.88	610.59	3.94	972.16	734.48	3.95
1494352017587971	831.15	613.19	3.97	972.58	729.58	3.95
1494352017604581	831.11	610.23	3.96	971.73	740.72	3.96
1494352017621280	830.61	614.86	3.97	974.67	709.97	3.88
1494352017637909	832.30	610.46	3.98	979.39	703.60	3.86
1494352017654580	830.95	616.17	3.97	971.63	733.29	3.94
1494352017671265	834.72	608.80	3.95	971.47	721.81	3.93
1494352017687909	833.77	607.08	3.98	971.35	716.10	3.89
1494352017704578	832.60	609.66	3.96	974.36	712.09	3.88
1494352017721262	829.24	611.91	3.98	965.86	727.38	3.96
1494352017737923	829.39	613.03	3.96	968.83	721.23	3.91
1494352017754591	830.28	607.10	3.95	968.81	717.00	3.90
1494352017771260	828.74	604.86	3.95	975.49	724.40	3.92
1494352017787934	825.87	605.99	3.95	978.01	723.37	3.95
1494352017804601	828.20	611.47	3.94	967.89	720.45	3.94
1494352017821263	830.94	605.35	3.95	962.12	738.09	3.99
1494352017837930	829.39	609.74	3.97	969.13	717.93	3.93
1494352017854606	829.98	612.24	3.95	965.29	728.03	3.94
1494352017871273	828.29	613.63	3.96	966.29	717.25	3.91
1494352017887936	823.18	614.43	3.94	969.37	713.58	3.89
1494352017904610	827.98	613.01	3.96	965.73	733.74	3.95
1494352017921278	823.95	615.51	3.89	971.65	721.43	3.96
1494352017937946	829.33	617.21	3.97	971.94	705.53	3.84
1494352017954609	827.88	606.90	3.95	969.66	724.68	3.93
1494352017971279	823.23	612.53	3.97	975.19	726.28	3.97
1494352017987943	826.71	609.00	3.95	972.59	742.43	3.96
1494352018004617	827.58	608.70	3.96	973.67	738.82	3.96
1494352018021327	824.63	604.39	3.95	967.41	735.96	3.98
1494352018037945	828.19	610.19	3.96	976.60	710.21	3.87
1494352018054618	826.63	606.52	3.94	978.63	700.46	3.86
1494352018071297	828.80	608.59	3.96	970.43	708.07	3.89
1494352018087957	834.85	616.98	3.99	968.43	712.13	3.89
1494352018104620	827.59	609.54	3.97	971.41	704.41	3.84
1494352018121295	830.35	614.10	3.95	967.46	711.65	3.87
1494352018137962	825.51	611.65	3.97	967.81	723.41	3.93
1494352018154624	832.82	613.69	3.96	971.28	730.78	3.96
1494352018171300	824.48	601.24	3.96	961.47	745.52	4.00
1494352018187962	823.13	615.52	3.96	970.56	728.25	3.92
1494352018204435	823.66	616.98	3.97	978.14	705.18	3.86
1494352018221159	827.92	607.76	3.95	974.77	705.09	3.86
1494352018237765	831.91	602.95	3.97	980.31	704.15	3.86
1494352018254428	826.37	607.11	3.99	976.15	706.36	3.87
1494352018271085	832.63	612.71	3.97	978.96	698.47	3.83
1494352018287751	833.80	609.04	4.00	965.12	705.33	3.88
1494352018304421	833.54	609.13	3.96	968.16	723.91	3.92
1494352018321087	831.87	611.07	3.95	974.44	718.16	3.91
1494352018337745	825.60	603.19	3.94	970.30	718.38	3.92
1494352018354416	830.92	611.81	3.96	978.90	712.76	3.92
1494352018371080	833.14	605.83	3.96	970.86	737.60	3.98
1494352018387746	821.72	617.61	3.96	974.45	719.39	3.92
1494352018404402	830.10	612.37	3.96	966.13	731.83	3.97
1494352018421169	NaN	NaN	NaN	965.71	733.60	3.94
1494352018437733	829.85	611.08	3.95	965.38	725.21	3.94
1494352018454405	828.81	604.60	3.97	963.32	723.92	3.96
1494352018471068	824.87	604.50	3.91	970.09	720.53	3.92
1494352018487734	828.30	609.75	3.96	965.17	724.01	3.94
1494352018504398	812.70	597.20	3.85	966.14	716.48	3.91
1494352018521062	NaN	NaN	NaN	967.35	737.56	3.96
1494352018537729	832.14	612.12	3.97	973.99	714.07	3.88
1494352018554393	NaN	NaN	NaN	963.99	725.74	3.94
1494352018571057	828.41	613.01	3.98	971.71	725.69	3.92
1494352018587723	827.70	601.00	3.96	962.14	724.17	3.94
1494352018604382	831.58	608.13	3.98	969.63	727.15	3.95
1494352018621158	831.59	611.20	3.97	966.46	734.31	3.98
1494352018637710	829.40	611.58	3.96	971.90	730.91	3.94
1494352018654371	830.98	610.02	3.96	972.88	732.64	3.95
1494352018671035	822.61	615.44	3.94	966.15	731.09	3.95
1494352018687703	826.32	609.36	3.95	975.01	714.07	3.92
1494352018704471	827.69	610.45	3.94	969.76	714.49	3.90
1494352018721138	826.61	615.05	3.93	970.32	713.83	3.89
1494352018737801	834.70	613.95	3.97	976.38	717.96	3.91
1494352018754449	832.40	614.97	3.95	968.48	728.35	3.94
1494352018771127	830.72	611.95	3.96	971.13	729.80	3.95
1494352018787784	827.02	602.28	3.97	968.81	733.05	3.94
1494352018804443	828.12	617.04	3.97	958.59	742.16	3.98
1494352018821250	828.37	607.84	3.98	972.05	731.32	3.96
1494352018837780	827.28	614.41	3.96	966.31	735.18	3.96
1494352018854441	828.81	612.86	3.97	972.83	726.64	3.95
1494352018871107	829.45	605.95	3.95	968.76	737.78	3.97
1494352018887768	820.03	614.76	3.94	967.33	729.99	3.94
1494352018904424	NaN	NaN	NaN	974.39	733.27	3.94
1494352018921100	834.52	611.25	3.96	958.51	741.38	4.01
1494352018937756	822.10	611.19	3.93	969.89	734.17	3.94
1494352018954420	829.72	607.80	3.94	968.29	724.54	3.91
1494352018971089	829.13	603.63	3.94	965.80	736.41	3.97
1494352018987728	821.52	607.96	3.92	972.15	735.81	3.97
1494352019004409	827.45	606.88	3.98	970.53	739.77	3.96
1494352019021227	832.75	606.22	3.95	971.63	729.65	3.96
1494352019037724	827.93	614.53	3.95	969.14	735.29	3.98
1494352019054394	831.38	606.62	3.98	969.75	732.52	3.96
1494352019071072	831.56	612.04	3.96	966.49	731.57	3.97
1494352019087723	827.68	614.04	3.94	965.24	728.22	3.96
1494352019104375	832.61	607.53	3.97	965.58	736.83	3.99
1494352019121089	825.01	614.65	3.94	972.03	721.88	3.89
1494352019137712	826.96	607.53	3.96	966.39	726.47	3.94
1494352019154375	827.92	616.05	3.97	962.14	737.49	3.99
1494352019171086	825.27	610.85	3.96	969.90	705.61	3.87
1494352019187691	835.01	613.73	3.96	968.25	707.83	3.88
1494352019204364	835.72	609.03	3.95	974.95	708.14	3.88
1494352019221335	827.92	615.72	3.99	979.06	710.82	3.85
1494352019237817	830.34	604.14	3.95	971.98	707.24	3.86
1494352019254488	828.03	613.42	3.94	970.00	711.36	3.88
1494352019271125	826.74	610.53	3.95	966.80	730.50	3.98
1494352019287819	830.11	615.86	3.95	970.71	721.49	3.92
1494352019304479	NaN	NaN	NaN	959.85	725.85	3.95
1494352019321150	826.63	608.52	3.93	965.45	739.02	3.97
1494352019337806	829.58	609.94	3.96	966.24	733.24	3.95
1494352019354481	828.92	610.25	3.94	969.92	709.11	3.90
1494352019371132	831.25	610.08	3.96	968.62	735.12	3.99
1494352019387812	826.33	615.17	3.97	970.95	739.17	3.96
1494352019404477	830.78	609.77	3.96	975.49	705.16	3.86
1494352019421142	825.95	618.25	3.96	965.98	734.69	3.97
1494352019437808	830.55	615.71	4.00	970.61	706.08	3.87
1494352019454473	826.56	612.96	3.98	966.39	740.29	3.97
1494352019471138	827.99	612.85	3.96	971.86	735.00	3.94
1494352019487796	829.09	605.63	3.93	966.56	741.75	3.99
1494352019504461	830.26	617.08	3.97	969.56	736.12	3.97
1494352019521128	830.39	609.30	3.97	966.70	724.96	3.95
1494352019537793	829.14	613.07	3.96	966.23	715.58	3.91
1494352019554459	832.14	609.32	3.97	965.56	730.65	3.96
1494352019571123	828.85	610.93	3.98	966.02	735.81	3.97
1494352019587789	824.22	611.76	3.95	968.54	732.55	3.98
1494352019604462	829.84	602.48	3.96	968.27	723.23	3.93
1494352019621128	828.04	604.81	3.94	966.21	723.25	3.93
1494352019637792	828.26	619.56	3.98	964.89	739.34	3.97
1494352019654455	824.37	617.01	3.96	966.93	740.63	4.00
1494352019671112	831.10	611.07	3.98	968.26	738.20	3.98
1494352019687789	827.21	615.06	3.96	974.28	734.27	3.97
1494352019704449	829.45	608.73	3.94	964.69	741.09	3.98
1494352019721230	827.74	612.85	3.95	965.25	724.90	3.96
1494352019737899	828.39	609.85	3.95	965.80	730.29	3.93
1494352019754565	829.43	613.46	3.96	955.01	748.01	4.00
1494352019771230	833.35	605.53	3.96	967.86	726.92	3.93
1494352019787893	830.23	613.89	3.93	972.74	725.27	3.95
1494352019804557	832.38	610.16	3.99	967.81	739.90	3.96
1494352019821222	830.61	608.29	3.98	966.13	739.53	3.98
1494352019837879	831.56	606.17	3.96	972.61	720.57	3.93
1494352019854550	825.59	612.11	3.93	963.74	741.61	4.00
1494352019871206	825.40	616.88	3.96	977.33	719.46	3.92
1494352019887878	828.52	610.70	3.95	970.84	728.71	3.94
1494352019904543	828.66	612.96	3.95	960.42	739.92	3.99
1494352019921207	827.17	608.63	3.95	975.91	725.73	3.93
1494352019937870	825.19	611.37	3.95	967.11	736.80	3.97
1494352019954535	826.78	601.05	3.95	965.80	741.31	3.97
1494352019971199	829.97	610.12	3.98	955.02	751.13	4.02
1494352019987863	829.58	607.68	3.95	970.14	721.78	3.95
1494352020004529	828.66	611.71	3.97	967.96	748.19	4.01
1494352020021185	832.11	610.30	3.95	971.29	738.18	3.97
1494352020037826	828.62	610.39	3.95	970.91	740.40	3.97
1494352020054517	828.58	613.48	3.96	964.34	741.38	4.00
1494352020071185	828.44	611.79	3.96	965.90	731.38	3.97
1494352020087841	831.88	611.73	3.99	973.60	734.00	3.97
1494352020104503	829.46	601.43	3.94	964.35	735.74	3.97
1494352020121177	832.99	610.17	3.96	968.65	735.68	3.98
1494352020137839	830.71	608.28	3.96	969.39	732.81	4.00
1494352020154505	832.35	610.34	3.95	962.02	733.19	3.96
1494352020171170	830.03	618.38	3.95	962.81	733.79	3.97
1494352020187829	829.00	610.92	3.95	965.61	735.58	3.98
1494352020204499	834.66	604.60	3.95	967.08	709.98	3.87
1494352020221156	831.71	610.35	3.97	964.40	737.59	3.98
1494352020237828	826.06	620.34	3.97	965.68	722.54	3.93
1494352020254492	826.66	615.25	3.94	966.65	733.25	3.97
1494352020271150	830.85	606.44	3.96	970.52	739.16	3.98
1494352020287808	826.59	619.07	3.97	966.15	734.23	3.97
1494352020304483	826.42	610.49	3.96	969.25	725.81	3.95
1494352020321151	827.42	614.39	3.97	967.66	737.29	3.97
1494352020337816	828.36	606.60	3.95	967.34	738.17	4.00
1494352020354481	827.96	616.09	3.96	966.46	733.40	3.96
1494352020371145	829.01	611.84	3.95	971.76	722.81	3.93
1494352020387810	826.78	601.21	3.87	967.32	719.49	3.92
1494352020404472	832.26	614.89	3.97	965.58	724.45	3.92
1494352020421138	828.36	610.34	3.96	967.31	722.58	3.94
1494352020437795	832.92	609.65	3.97	964.94	737.78	3.99
1494352020454467	828.20	606.68	3.95	962.83	730.62	3.96
1494352020471125	821.54	608.05	3.91	960.13	738.00	4.00
1494352020487798	825.55	618.62	3.96	964.72	743.81	3.97
1494352020504449	826.90	614.93	3.96	967.70	742.97	3.99
1494352020521118	824.20	620.69	3.95	965.62	745.30	4.01
1494352020537791	826.85	611.51	3.93	959.32	740.30	3.99
1494352020554448	831.16	606.96	3.94	969.44	717.46	3.94
1494352020571119	829.09	616.60	3.93	964.42	741.23	3.97
1494352020587784	829.41	605.99	3.96	959.62	740.20	3.98
1494352020604455	835.18	607.02	3.96	966.60	736.82	3.98
1494352020621107	828.55	610.09	3.95	967.61	703.79	3.87
1494352020637771	829.09	609.05	3.95	969.48	730.68	3.95
1494352020654436	826.85	612.13	3.97	967.97	733.60	3.98
1494352020671107	NaN	NaN	NaN	964.33	739.12	3.97
1494352020687772	825.54	614.81	3.94	963.87	733.92	3.96
1494352020704439	827.68	616.62	3.97	968.97	731.82	3.96
1494352020721094	830.45	616.09	3.97	971.95	732.53	3.98
1494352020737797	827.48	602.27	3.95	971.41	735.13	3.95
1494352020754512	827.29	607.15	3.94	962.21	741.90	3.99
1494352020771173	835.39	612.20	3.95	969.99	716.93	3.88
1494352020787841	827.07	609.55	3.93	965.77	707.32	3.89
1494352020804545	827.26	615.71	3.94	965.27	729.24	3.95
1494352020821177	832.63	611.63	3.94	970.41	725.07	3.92
1494352020837844	828.98	611.41	3.94	974.03	726.86	3.95
1494352020854558	829.66	610.86	3.96	969.76	723.73	3.94
1494352020871179	824.96	603.35	3.97	967.38	737.00	3.98
1494352020887846	824.20	601.13	3.95	971.77	723.57	3.92
1494352020904557	830.64	611.37	3.97	960.24	741.81	3.99
1494352020921175	829.71	617.39	3.95	973.97	717.27	3.91
1494352020937850	825.29	610.94	3.92	966.82	736.60	3.97
1494352020954489	830.97	612.27	3.95	965.17	740.39	3.98
1494352020971185	833.43	609.52	3.97	969.48	734.19	3.94
1494352020987853	831.00	614.35	3.94	964.23	726.88	3.94
1494352021004520	832.28	608.19	3.95	976.40	716.78	3.92
1494352021021189	829.24	616.17	3.96	960.39	729.28	3.97
1494352021037836	830.37	614.94	3.98	961.49	730.60	3.97
1494352021054522	825.66	613.01	3.95	975.02	723.71	3.93
1494352021071194	831.02	608.24	3.96	964.51	733.06	3.97
1494352021087860	830.82	620.44	3.98	963.65	738.28	3.98
1494352021104521	830.73	611.70	3.94	971.34	719.03	3.92
1494352021121194	822.40	614.96	3.94	969.65	744.31	3.97
1494352021137863	824.81	610.50	3.96	968.79	726.62	3.95
1494352021154523	828.18	614.77	3.98	970.80	737.49	3.97
1494352021171195	830.22	610.86	3.94	964.98	733.02	3.95
1494352021187851	820.45	612.91	3.94	970.90	722.50	3.92
1494352021204534	831.41	606.39	3.96	970.43	725.20	3.94
1494352021221201	NaN	NaN	NaN	964.38	721.58	3.92
1494352021237858	830.90	608.54	3.97	964.64	716.28	3.93
1494352021254500	826.90	610.72	3.93	967.56	723.26	3.93
1494352021271193	822.94	615.95	3.93	971.68	724.07	3.95
1494352021287845	NaN	NaN	NaN	965.85	734.01	3.95
1494352021304514	825.33	608.11	3.95	970.09	723.71	3.94
1494352021321184	822.54	619.62	3.95	969.45	726.20	3.94
1494352021337849	826.66	604.00	3.96	969.31	730.06	3.98
1494352021354507	824.18	616.33	3.97	966.49	738.96	3.97
1494352021371178	824.16	613.28	3.94	969.74	725.49	3.94
1494352021387833	828.77	612.65	3.94	968.87	721.88	3.96
1494352021404503	832.52	610.51	3.97	965.88	726.30	3.96
1494352021421169	824.71	604.78	3.92	969.73	713.09	3.88
1494352021437832	829.22	615.09	3.95	969.19	716.53	3.93
1494352021454490	827.19	615.15	3.94	976.30	710.96	3.87
1494352021471160	828.74	609.75	3.97	974.80	705.92	3.87
1494352021487823	NaN	NaN	NaN	967.22	710.94	3.90
1494352021504481	825.77	621.87	3.95	968.01	709.40	3.89
1494352021521154	831.63	607.70	3.97	967.99	734.54	3.98
1494352021537817	829.50	609.62	3.96	964.88	732.19	3.96
1494352021554475	827.82	603.93	3.96	969.85	722.09	3.92
1494352021571145	825.05	605.43	3.93	967.40	721.81	3.91
1494352021587803	830.90	612.26	3.94	964.40	720.62	3.93
1494352021604473	825.90	617.91	3.95	974.73	727.03	3.94
1494352021621138	831.01	604.61	3.93	961.83	727.78	3.96
1494352021637801	832.42	610.50	3.96	965.61	736.06	3.99
1494352021654458	828.23	611.54	3.95	963.19	743.61	4.00
1494352021671119	822.39	611.18	3.93	964.74	722.71	3.95
1494352021687792	828.63	611.94	3.93	966.47	728.76	3.95
1494352021704448	NaN	NaN	NaN	974.66	710.49	3.89
1494352021721085	829.64	607.35	3.96	974.88	706.41	3.89
1494352021737784	828.90	607.92	3.95	970.77	705.88	3.87
1494352021754535	823.62	614.91	3.96	973.70	711.18	3.87
1494352021771208	827.50	616.57	3.96	968.44	713.98	3.92
1494352021787874	NaN	NaN	NaN	965.30	710.77	3.90
1494352021804533	828.34	610.40	3.92	969.67	707.58	3.88
1494352021821206	828.37	608.72	3.97	965.44	728.60	3.96
1494352021837865	829.18	607.56	3.95	969.90	707.70	3.88
1494352021854538	826.33	606.16	3.95	975.20	696.88	3.84
1494352021871205	831.83	610.90	3.97	970.80	706.91	3.86
1494352021887870	824.19	618.34	3.95	969.11	712.24	3.89
1494352021904531	829.44	608.17	3.92	976.42	706.33	3.87
1494352021921203	829.33	618.95	3.95	975.82	712.90	3.89
1494352021937868	829.54	616.00	3.94	966.38	712.03	3.89
1494352021954506	829.37	614.24	3.97	968.12	706.97	3.88
1494352021971194	829.06	612.01	3.97	970.17	707.24	3.88
1494352021987868	828.70	602.60	3.93	967.13	719.99	3.93
1494352022004526	830.00	608.61	3.95	970.39	707.10	3.87
1494352022021200	827.30	607.75	3.91	965.09	704.71	3.88
1494352022037857	832.89	607.67	3.94	972.84	705.98	3.87
1494352022054529	825.48	614.35	3.95	975.24	723.00	3.91
1494352022071205	830.64	608.06	3.94	972.76	718.44	3.88
1494352022087864	830.53	615.69	3.95	963.04	725.32	3.95
1494352022104529	829.90	611.45	3.95	957.60	727.88	3.96
1494352022121195	824.48	609.92	3.91	973.79	729.67	3.94
1494352022137862	828.71	610.33	3.96	974.73	722.76	3.92
1494352022154529	828.13	608.54	3.95	968.32	716.90	3.92
1494352022171195	828.65	617.98	3.95	968.71	723.80	3.92
1494352022187864	829.36	608.95	3.94	964.52	722.70	3.94
1494352022204527	828.50	600.98	3.94	967.36	724.53	3.94
1494352022221194	833.06	611.39	3.95	969.26	705.36	3.86
1494352022237865	833.13	608.14	3.97	963.59	726.67	3.95
1494352022254472	834.53	610.03	3.96	973.59	712.98	3.89
1494352022271145	829.51	599.48	3.94	967.60	720.50	3.92
1494352022287822	830.58	609.74	3.95	970.35	707.15	3.89
1494352022304473	825.01	615.10	3.93	966.77	710.09	3.89
1494352022321146	825.56	611.70	3.92	959.64	728.85	3.96
1494352022337813	826.14	610.14	3.95	973.28	716.91	3.93
1494352022354479	830.37	612.19	3.96	967.74	729.80	3.94
1494352022371147	826.52	613.92	3.97	966.55	725.76	3.94
1494352022387820	831.80	608.41	3.95	968.92	732.37	3.97
1494352022404473	829.52	621.23	3.97	966.47	719.89	3.94
1494352022421146	825.86	621.27	3.94	963.36	735.03	3.99
1494352022437860	822.59	612.49	3.93	963.09	732.23	3.97
1494352022454477	824.56	616.06	3.92	971.22	720.72	3.93
1494352022471141	829.60	602.28	3.95	964.71	716.32	3.92
1494352022487853	828.69	616.93	3.95	972.25	713.75	3.90
1494352022504476	830.82	613.01	3.95	971.95	718.51	3.94
1494352022521146	820.45	609.99	3.93	964.48	723.86	3.95
1494352022537853	827.28	612.89	3.94	971.02	727.12	3.93
1494352022554475	834.75	605.86	3.95	970.76	724.21	3.93
1494352022571147	827.46	613.16	3.99	965.62	728.02	3.95
1494352022587862	828.38	612.35	3.96	966.70	717.11	3.90
1494352022604474	829.33	613.54	3.97	969.01	721.89	3.92
1494352022621146	830.31	606.42	3.96	973.42	715.42	3.90
1494352022637807	827.05	614.47	3.95	963.28	726.46	3.96
1494352022654482	831.74	611.22	3.94	963.62	718.89	3.91
1494352022671146	828.91	613.61	3.96	970.77	713.96	3.91
1494352022687806	825.91	606.68	3.95	969.91	715.01	3.91
1494352022704471	823.96	609.25	3.92	960.63	723.40	3.94
1494352022721148	819.18	617.38	3.94	964.02	730.22	3.94
1494352022737801	827.31	606.62	3.94	959.98	726.74	3.96
1494352022754486	832.50	601.36	3.96	964.21	721.47	3.92
1494352022771149	829.16	611.72	3.92	971.13	720.16	3.91
1494352022787807	831.00	610.95	3.96	969.42	713.82	3.91
1494352022804469	830.90	608.84	3.94	967.09	724.41	3.94
1494352022821140	832.68	609.71	3.96	964.59	726.37	3.95
1494352022837800	822.41	605.05	3.93	964.67	718.79	3.93
1494352022854468	814.39	601.49	3.86	966.31	725.51	3.94
1494352022871132	826.01	611.54	3.95	969.87	726.68	3.92
1494352022887795	831.18	611.11	3.96	969.07	725.16	3.95
1494352022904454	825.06	613.38	3.95	971.15	717.74	3.94
1494352022921122	828.14	615.62	3.93	968.67	716.25	3.91
1494352022937786	826.53	603.72	3.95	961.81	723.11	3.93
1494352022954443	826.17	613.86	3.96	967.04	715.75	3.90
1494352022971100	826.93	608.38	3.94	966.58	718.66	3.94
1494352022987771	825.38	612.62	3.93	965.90	723.23	3.93
1494352023004441	827.74	615.31	3.93	972.54	706.24	3.88
1494352023021105	829.27	601.54	3.94	959.13	731.93	3.96
1494352023037759	825.95	614.57	3.94	964.06	724.74	3.96
